,name,Temp,Mean_deviation
0,Århus,7.8564544,-0.5787679276376405
1,Çorlu,13.737364,-0.42576404427582304
2,Çorum,10.5324545,-0.40325069427490234
3,Öskemen,3.046,0.07780648204329088
4,Ürümqi,8.146455,0.21200334716955016
5,A Coruña,14.708181,1.1188345531247705
6,Aachen,9.496091,-0.10557240720065053
7,Aalborg,7.8564544,-0.5787679276376405
8,Aba,27.412,0.794678361448522
9,Abadan,27.049454,0.8832527116544
10,Abakaliki,27.412,0.794678361448522
11,Abakan,1.3271817,0.02165277730287518
12,Abbotsford,9.223272,1.255734920501709
13,Abengourou,27.485909,1.0952496928553437
14,Abeokuta,27.280546,0.9657905447072004
15,Aberdeen,8.529636,-0.09180343555954273
16,Abha,25.494091,0.5385494232177734
17,Abidjan,27.219637,1.1009691365559888
18,Abiko,14.45009,0.8499526977539062
19,Abilene,17.571272,-0.3793792724609375
20,Abohar,26.888363,1.022634506225586
21,Abomey Calavi,28.032545,0.9872747240839779
22,Abu Dhabi,27.697819,0.36805152893066406
23,Abuja,27.152819,0.9551381735966125
24,Acapulco,26.782364,0.5123572956431985
25,Acarigua,28.338,1.1423053741455078
26,Accra,27.395,1.1477090464342368
27,Achalpur,27.282272,0.8691595622471411
28,Acheng,4.079,-0.0032430547506701046
29,Achinsk,0.19554542,-0.45930095740299615
30,Acuña,19.55409,-0.8431897440915392
31,Adana,19.374273,-0.11403465270996094
32,Addis Abeba,18.188091,0.6401615142822266
33,Adelaide,15.780818,0.2763681411743164
34,Aden,26.213455,0.29824066162109375
35,Adilabad,28.363274,0.6511903853643517
36,Adiwerna,26.858454,0.8122790755739651
37,Adoni,28.390182,0.8028553644816085
38,Afyonkarahisar,11.867909,-0.2827491760253906
39,Agadir,19.362637,1.2035657676732612
40,Agartala,26.343636,0.7852730031283386
41,Agboville,27.247272,1.0932009281256256
42,Ageo,14.45009,0.8499526977539062
43,Agra,27.432909,1.2430367095797656
44,Aguascalientes,18.497637,-0.058315277099609375
45,Ahmadabad,28.755817,1.5787086486816406
46,Ahmadnagar,25.95991,0.9303681328183124
47,Ahmadpur East,27.604546,0.9411163330078125
48,Ahvaz,26.544909,0.8282203674316406
49,Aix En Provence,12.803909,0.6390260858355834
50,Aizawl,24.127455,0.677884983566571
51,Ajdabiya,20.597546,0.12223052978515625
52,Ajmer,27.652363,1.3555025793426658
53,Akashi,16.313818,0.6314601898193359
54,Akishima,14.45009,0.8499526977539062
55,Akita,12.745545,0.5471706390380859
56,Akola,27.834637,0.7805854615711034
57,Akron,12.141818,1.3727860215045649
58,Aksaray,11.957818,-0.2737542869698295
59,Aksu,12.243546,0.6356135136372334
60,Aktau,12.225091,-0.2061542244844663
61,Akure,26.971273,0.9229582556362814
62,Akyab,26.914272,0.8277286583522567
63,Alagoinhas,26.211546,1.0410137176513672
64,Alandur,29.596455,0.8004434403919021
65,Alanya,18.674181,-0.17982437068300783
66,Alappuzha,27.315454,0.9855340352425195
67,Albacete,14.757454,1.0507575988769524
68,Alberton,15.425091,0.7748527526855469
69,Albuquerque,11.733818,-0.41878545970816816
70,Albury,13.060546,0.22953033447265625
71,Alcalá De Henares,13.230273,1.0305365346512705
72,Alcobendas,13.230273,1.0305365346512705
73,Alcorcón,13.230273,1.0305365346512705
74,Aleppo,18.529272,0.03462710357518617
75,Alexandria,16.581652,0.8975411259176163
76,Algeciras,18.552727,0.6566638946533203
77,Algiers,18.535637,1.2854022979736328
78,Aligarh,27.544273,1.3789291381835938
79,Allahabad,27.214909,0.8464698791503906
80,Allentown,11.541272,0.8534103382676275
81,Almaty,7.6544547,0.5651345357790101
82,Almería,19.289183,1.0152702331542969
83,Almere,9.7219095,-0.119594798897797
84,Almetyevsk,3.9835453,-0.3016246647889167
85,Alor Setar,27.956455,0.6974029541015625
86,Altay,2.0153635,0.09555825189605271
87,Alwar,27.544273,1.3789291381835938
88,Amadora,17.146454,1.0127449035644531
89,Amagasaki,16.544,0.7904108656934028
90,Amaigbo,27.412,0.794678361448522
91,Amarillo,15.942454,-0.1543874740600586
92,Ambala,25.432001,1.3224105834960938
93,Ambarnath,27.944092,1.086337725321453
94,Ambato,17.920454,1.021423367287614
95,Ambattur,29.596455,0.8004434403919021
96,Ambon,27.018,0.41013145446777344
97,Ambur,28.450636,0.8771520705450158
98,Americana,20.531637,0.44718360900878906
99,Amersfoort,9.7219095,-0.119594798897797
100,Amiens,11.149818,0.036678621903904585
101,Amol,14.865545,0.4758491818867032
102,Amravati,27.282272,0.8691595622471411
103,Amritsar,25.506,0.8906767817905958
104,Amroha,27.044546,1.2998161315917969
105,Amsterdam,9.7219095,-0.119594798897797
106,Anápolis,23.07791,0.8793048858642578
107,Anaco,27.404455,1.079935073852539
108,Anaheim,16.490454,0.08950042724609375
109,Anand,28.755817,1.5787086486816406
110,Ananindeua,27.536182,0.950418370110647
111,Anantapur,28.390182,0.8028553644816085
112,Anbu,22.814363,0.6744842529296875
113,Anchorage,0.011908985,1.0990030759333205
114,Ancona,14.974999,0.4000520418275073
115,Anda,5.758182,0.016859974885851337
116,Andijon,12.041909,0.28310394287109375
117,Angarsk,-0.07436377,0.07090501312933709
118,Angeles,27.611454,1.0038986206054688
119,Angers,12.123728,0.19947669730996154
120,Angra Dos Reis,22.007727,0.6547088623046875
121,Angren,11.915273,0.2880363464355469
122,Anjo,16.544,0.7904108656934028
123,Ankang,13.622455,0.31979424535891354
124,Ankara,11.147546,-0.3143606185913086
125,Ann Arbor,11.463364,1.7070364196345498
126,Anqing,16.953182,0.15504837036132812
127,Anqiu,13.857454,0.2766914367675781
128,Anshan,9.156091,0.20240306854248047
129,Anshun,15.687818,0.8199062347412109
130,Antakya,19.374273,-0.11403465270996094
131,Antalya,12.488545,-0.32752227783203125
132,Antananarivo,19.593365,0.605461632645369
133,Antioch,15.561909,0.5482149124145508
134,Antipolo,27.611454,1.0038986206054688
135,Antofagasta,16.723818,1.023940086364746
136,Antsirabe,20.266363,0.7100282707470384
137,Antwerp,10.564,-0.03663238129525759
138,Anyama,27.247272,1.0932009281256256
139,Anyang,12.056182,0.491556264041515
140,Apeldoorn,9.7219095,-0.119594798897797
141,Apodaca,22.059818,-0.7640380859375
142,Apopa,26.423182,0.9521389007568359
143,Apucarana,21.609818,0.15996551513671875
144,Aqtöbe,5.0314546,-0.34574065319327385
145,Ara,26.773363,0.7552337646484375
146,Araçatuba,23.422546,0.23995208740234375
147,Aracaju,26.196363,0.9877471923828125
148,Arad,11.037272,0.4031501554093264
149,Araguaína,27.367636,1.0973472595214844
150,Arak,16.942,0.734170681721455
151,Arapiraca,26.196363,0.9877471923828125
152,Araraquara,22.121454,0.5836772918701172
153,Araras,22.121454,0.5836772918701172
154,Araruama,24.336363,0.7138214111328125
155,Araucária,17.34891,0.2799091339111328
156,Ardabil,13.232727,0.2963051915767796
157,Arequipa,21.120274,1.0251371484053777
158,Arica,20.059454,1.0665836334228516
159,Arjawinangun,25.56409,0.7657557444967296
160,Arkhangelsk,0.77690905,-0.6739639656776386
161,Arlington,15.9143915,1.22046248722439
162,Armavir,10.120545,-1.1117509907189422
163,Armenia,22.869728,1.0683953963130364
164,Arnhem,9.7219095,-0.119594798897797
165,Arusha,21.933,0.8131679735685644
166,Arvada,3.7413638,0.34961366653442383
167,Aryanah,20.07809,0.8447914918263741
168,Arzamas,4.651273,-0.586635352080723
169,Asahikawa,6.771909,0.3200531005859375
170,Asaka,14.45009,0.8499526977539062
171,Asansol,26.83509,0.8368878454532265
172,Asfi,19.046455,1.0381924873959711
173,Asgabat,16.550636,0.46541786193847656
174,Ashdod,20.04591,0.07567102768841849
175,Ashikaga,14.45009,0.8499526977539062
176,Ashqelon,20.04591,0.07567102768841849
177,Asmara,24.577272,0.313629150390625
178,Astana,3.7485454,-0.05009826024373387
179,Astanajapura,25.56409,0.7657557444967296
180,Astrakhan,10.521455,-0.8481003266793703
181,Asunción,22.298363,0.06103706359863281
182,Aswan,27.239182,0.2604955827227293
183,Asyut,23.485455,0.12588009081388662
184,Athens,17.84191,-0.2584552764892578
185,Atibaia,20.020363,0.5861892700195312
186,Atlanta,15.898545,0.5560822251178461
187,Atsugi,14.45009,0.8499526977539062
188,Atyrau,9.055273,-0.6975580215454098
189,Auckland,15.325545,0.3865365982055664
190,Augsburg,5.863818,0.34057590871486987
191,Aurangabad,26.571,0.9625368118286133
192,Aurora,10.968696,0.7950123804920128
193,Austin,20.65,-0.2293931536106264
194,Avadi,29.596455,0.8004434403919021
195,Awassa,19.20709,0.5922527313232422
196,Awka,27.44309,0.835776485808907
197,Ayacucho,11.760273,1.1227798461914062
198,Ayer Itam,27.956455,0.6974029541015625
199,Azamgarh,26.957182,0.9314079284667969
200,Azare,28.378546,0.8872014933618999
201,Bénin,26.971273,0.9229582556362814
202,Babakan,25.56409,0.7657557444967296
203,Babol,14.865545,0.4758491818867032
204,Bac Lieu,27.818817,0.7834339252097067
205,Bacau,8.903545,0.12134584660799952
206,Bacolod,28.149454,0.9095034056072002
207,Bacoor,27.611454,1.0038986206054688
208,Badajoz,17.855818,0.9775072782094227
209,Badalona,17.463,0.7564319538620268
210,Badaojiang,5.8874545,0.3108711242675781
211,Badlapur,27.944092,1.086337725321453
212,Bafoussam,23.885273,0.736814093916383
213,Bagaha,26.372726,0.7577877044677734
214,Baghdad,24.616455,0.7973098754882812
215,Baglan,12.693455,0.6762237548828125
216,Bago,27.407454,0.6274424498935929
217,Baguio,26.144545,0.8661613464355469
218,Bahadurgarh,27.544273,1.3789291381835938
219,Baharampur,27.569727,0.8359830154562893
220,Bahawalnagar,26.888363,1.022634506225586
221,Bahawalpur,27.604546,0.9411163330078125
222,Bahia Blanca,15.047818,0.6109580993652344
223,Bahir Dar,19.183908,0.6186943054199219
224,Bahraich,25.546,1.133206037011476
225,Baia Mare,10.375455,0.1687269048870732
226,Baicheng,6.361,-0.004446822744577084
227,Baidyabati,27.569727,0.8359830154562893
228,Baiyin,8.058545,0.8929382001281416
229,Bakersfield,17.109728,0.44840240478515625
230,Baku,12.124272,-0.04440507190983389
231,Balakovo,5.0357275,-0.893145517704605
232,Balashikha,4.430182,-0.8354430729488156
233,Baleshwar,27.580091,0.7535387345080089
234,Balikpapan,27.430273,0.88674755460897
235,Baliuag,27.611454,1.0038986206054688
236,Ballia,26.372726,0.7577877044677734
237,Bally,27.569727,0.8359830154562893
238,Balti,9.360364,-0.24583666099692358
239,Baltimore,13.987909,0.9559920024509214
240,Balurghat,26.744637,0.7989826202392578
241,Bama,29.316364,0.8116073739939722
242,Bamako,28.142454,0.9253842542125916
243,Bamenda,23.885273,0.736814093916383
244,Banda,27.008545,0.9664859771728516
245,Banda Aceh,27.272272,0.8064430963425409
246,Bandar E Anzali,13.232727,0.2963051915767796
247,Bandar Maharani,27.364727,0.7582073211669922
248,Bandar Penggaram,26.89109,0.7266750335693359
249,Bandundu,26.067545,0.7291027356500486
250,Bandung,25.56409,0.7657557444967296
251,Baneh,14.99791,0.9120194612435952
252,Bangalore,26.031727,0.9787020547049394
253,Bangaon,27.569727,0.8359830154562893
254,Bangkok,28.047909,0.6811342390756749
255,Bangui,25.652365,0.6830243411129473
256,Banja Luka,10.395182,0.32654755610340125
257,Banjaran,25.56409,0.7657557444967296
258,Banjarmasin,27.432728,0.8820676378383752
259,Bankura,26.83509,0.8368878454532265
260,Bansbaria,27.569727,0.8359830154562893
261,Bantou,20.558363,0.3793182373046875
262,Banyuwangi,26.859818,0.6904170528338973
263,Baoding,9.744819,0.8269031233120465
264,Baoji,12.4085455,0.7347449318307344
265,Baoshan,3.9893637,-0.09858226776123047
266,Barakpur,27.569727,0.8359830154562893
267,Baranagar,27.569727,0.8359830154562893
268,Barasat,27.569727,0.8359830154562893
269,Barbacena,20.107365,0.7670974731445312
270,Barcelona,22.501305,2.6312603320715553
271,Barddhaman,27.569727,0.8359830154562893
272,Bareli,27.044546,1.2998161315917969
273,Bari,16.579273,0.35033244007038533
274,Barinas,24.583727,1.0610523223876953
275,Baripada,27.580091,0.7535387345080089
276,Barisal,27.055,0.8990025520324707
277,Barnala,26.804728,1.2208658565174453
278,Barnaul,2.2557273,0.052850307539646035
279,Barquisimeto,26.181726,1.2151336669921875
280,Barra Mansa,20.107365,0.7670974731445312
281,Barrancabermeja,26.175455,0.8980560302734375
282,Barranquilla,27.661818,0.9287872314453125
283,Barreiras,25.882364,1.1423778533935547
284,Barretos,22.26491,0.6727066040039062
285,Barrie,8.689,1.666540306019333
286,Barsi,27.389362,0.749633779979888
287,Barueri,20.020363,0.5861892700195312
288,Baruta,26.198454,1.1330413818359375
289,Basel,8.020546,0.3461666611005674
290,Basildon,10.031818,-0.01561733821652922
291,Basirhat,27.569727,0.8359830154562893
292,Basti,26.957182,0.9314079284667969
293,Bat Yam,20.04591,0.07567102768841849
294,Bata,25.364092,0.5838019096688036
295,Batala,25.506,0.8906767817905958
296,Batangas,27.541273,0.9742869856935101
297,Bataysk,8.685545,-1.516489271847707
298,Batman,16.771,0.25894676890350254
299,Baton Rouge,21.14009,0.05229138176222392
300,Baturaja,25.864546,0.7247038069804006
301,Bauchi,28.055635,0.8892450924577382
302,Bauru,22.799726,0.3999176025390625
303,Bayamo,26.983545,0.6754493713378906
304,Bayrut,19.549181,-0.04668027218257009
305,Beaumont,20.90091,0.0791015625
306,Beawar,28.531546,1.3556194305419922
307,Begusarai,27.013092,0.7617282867431641
308,Beian,3.3913636,-0.25296543299225327
309,Beibei,18.158636,0.31790733337402344
310,Beihai,24.10009,0.9134788513183594
311,Beipiao,10.538636,0.20301019836583833
312,Beira,24.682455,1.1081905364990234
313,Beirut,19.549181,-0.04668027218257009
314,Bekasi,27.299091,0.7556446707172775
315,Belém,27.536182,0.950418370110647
316,Belawan,27.428183,0.8174228668212891
317,Belfast,8.969636,-0.03563932742712694
318,Belford Roxo,24.336363,0.7138214111328125
319,Belgaum,26.79391,0.8834845043364012
320,Belgorod,5.9506364,-1.4471959848448916
321,Belgrade,11.534182,0.4145680427551266
322,Bellary,28.390182,0.8028553644816085
323,Bellevue,9.374909,1.218252182006836
324,Bello,19.947908,0.9870775211492244
325,Belo Horizonte,21.875092,0.9639778137207031
326,Bene Beraq,19.301455,0.15664826369867058
327,Bengbu,16.576635,0.1686878204345703
328,Benghazi,19.566545,0.09735488891601562
329,Bengkulu,26.52991,0.7229877156057185
330,Benguela,23.855455,0.8103232710328818
331,Benha,21.943455,-0.06439362320245579
332,Beni Suef,21.943455,-0.06439362320245579
333,Benoni,15.425091,0.7748527526855469
334,Benxi,9.156091,0.20240306854248047
335,Beppu,16.373545,0.5216197967529297
336,Berbera,28.221182,0.38483619689941406
337,Berezniki,2.930818,0.44739338766939296
338,Bergamo,10.727727,0.40998991480413416
339,Bergen,2.5402727,0.022172557857801145
340,Bergisch Gladbach,9.496091,-0.10557240720065053
341,Berkeley,15.561909,0.5482149124145508
342,Berlin,9.471818,-0.3341484807572268
343,Bern,8.020546,0.3461666611005674
344,Bertoua,24.241545,0.7174614553582188
345,Besançon,10.016455,0.3158265959541744
346,Bethal,15.425091,0.7748527526855469
347,Betim,21.875092,0.9639778137207031
348,Bettiah,26.372726,0.7577877044677734
349,Bhadravati,26.328728,0.9128965105329243
350,Bhadreswar,27.569727,0.8359830154562893
351,Bhagalpur,27.013092,0.7617282867431641
352,Bhairab Bazar,25.971,0.8472843170166016
353,Bharatpur,21.297216,1.0531463623046875
354,Bharuch,28.244,1.3348092578706279
355,Bhatpara,27.569727,0.8359830154562893
356,Bhavnagar,28.801544,1.4628363389235268
357,Bhilai,27.205454,0.6101741154988609
358,Bhilwara,27.252,1.3823485280953207
359,Bhimavaram,28.418182,0.6431214105515259
360,Bhind,27.432909,1.2430367095797656
361,Bhiwandi,26.627636,1.17118148803711
362,Bhiwani,27.521273,1.325714111328125
363,Bhopal,26.856272,0.9254881904238736
364,Bhubaneswar,27.738728,0.6817531855601189
365,Bhuj,28.285181,1.2294769287109375
366,Bhusawal,27.403181,1.0957113265991225
367,Biên Hòa,28.178637,0.8292096088387382
368,Bialystok,6.735273,-0.536691388544047
369,Bid,27.389362,0.749633779979888
370,Bida,28.186,0.9775692380707852
371,Bidar,27.960728,0.681410535176596
372,Bielefeld,9.560091,-0.19488776045025524
373,Bielsko Biala,8.682909,-0.18577105504161828
374,Bihar,26.773363,0.7552337646484375
375,Bijapur,26.867636,0.7848578680129279
376,Bikaner,28.384182,1.174825668334961
377,Bila Tserkva,7.5113635,-0.8024813512586206
378,Bilaspur,27.205454,0.6101741154988609
379,Bilbao,13.356182,0.9882863188689601
380,Binangonan,27.541273,0.9742869856935101
381,Binjai,27.428183,0.8174228668212891
382,Bintulu,26.889454,0.6951981414983308
383,Binzhou,14.491818,0.37327098846435547
384,Biratnagar,22.815182,0.5596733093261719
385,Birganj,26.372726,0.7577877044677734
386,Birigui,23.422546,0.23995208740234375
387,Birjand,19.333546,0.634708359924673
388,Birmingham,13.738217,0.31384420753421693
389,Birnin Kebbi,28.406273,1.035231386382005
390,Bisho,18.084183,0.7299938201904297
391,Bissau,28.007362,0.7679516251679424
392,Bitung,27.055908,0.9973705936880677
393,Biysk,3.172091,-0.0007014231360638057
394,Blackburn,9.105818,-0.03917302365572972
395,Blackpool,9.647454,-0.07522376798233843
396,Blagoveshchensk,1.0159998,-0.5455024905425587
397,Blantyre,23.577818,0.9779412919196524
398,Blitar,25.958181,0.7601000791901988
399,Bloemfontein,16.064001,0.9346389770507812
400,Blumenau,20.960546,0.3565940856933594
401,Boa Vista,28.107908,0.9993733811652525
402,Bobo Dioulasso,28.653091,0.9675108102651748
403,Bochum,9.560091,-0.19488776045025524
404,Bogor,26.557545,0.7396850950399028
405,Bogotá,21.006546,0.9934037676929712
406,Bohicon,28.032545,0.9872747240839779
407,Bojnurd,14.376091,0.43065641764047946
408,Bokaro,26.83509,0.8368878454532265
409,Boksburg,15.425091,0.7748527526855469
410,Bologna,13.333636,0.5145686689412816
411,Bolton,9.105818,-0.03917302365572972
412,Boma,25.222,0.7150032879555077
413,Bombay,27.944092,1.086337725321453
414,Bonn,9.496091,-0.10557240720065053
415,Bontang,27.614363,0.8964362577958553
416,Bordeaux,13.521273,0.6706663851468075
417,Borujerd,12.842636,0.9093418121337891
418,Boshan,14.942272,0.4647817611694336
419,Boston,9.258454,0.692040096897589
420,Botad,28.801544,1.4628363389235268
421,Botosani,9.360364,-0.24583666099692358
422,Botshabelo,14.306091,0.809269905090332
423,Bottrop,9.560091,-0.19488776045025524
424,Botucatu,20.531637,0.44718360900878906
425,Bouaké,26.62009,1.0308673687470282
426,Boulogne Billancourt,11.149818,0.036678621903904585
427,Bournemouth,10.682091,0.021413788705501702
428,Bozhou,16.651636,0.22222900390625
429,Bradford,9.105818,-0.03917302365572972
430,Braga,15.279909,1.0311383841172699
431,Bragança Paulista,20.020363,0.5861892700195312
432,Brahmapur,27.219181,0.6404810041751503
433,Braila,10.682181,-0.49779750536072953
434,Brakpan,15.425091,0.7748527526855469
435,Brasília,22.635727,0.9502449035644531
436,Brasov,8.903545,0.12134584660799952
437,Bratislava,10.890364,-0.0536545357614191
438,Bratsk,-1.3137274,-0.4612911390044142
439,Brazzaville,24.544727,0.7223566133682056
440,Brebes,26.858454,0.8122790755739651
441,Breda,9.7219095,-0.119594798897797
442,Bremen,8.706818,-0.41847714478114817
443,Bremerhaven,8.706818,-0.41847714478114817
444,Brescia,10.727727,0.40998991480413416
445,Brest,9.432131,-0.24703298296247134
446,Bridgeport,11.665,0.6733024800231693
447,Brighton,10.682091,0.021413788705501702
448,Brikama,26.498,1.0508303429670391
449,Brisbane,19.581182,0.4520854949951172
450,Bristol,9.553909,0.005610413821237614
451,Brits,18.826637,0.8733692169189453
452,Brno,9.046545,-0.02399175481976279
453,Brownsville,23.147728,-0.020231246948242188
454,Brugge,10.564,-0.03663238129525759
455,Brunswick,8.904454,-0.3464216520201493
456,Brussels,10.564,-0.03663238129525759
457,Bryansk,4.8832726,-1.0098204212368662
458,Bucaramanga,26.175455,0.8980560302734375
459,Bucharest,11.858182,-0.1694640753404144
460,Budapest,10.930546,0.0563643671431624
461,Budaun,27.044546,1.2998161315917969
462,Buenaventura,22.869728,1.0683953963130364
463,Buffalo,10.24,1.3409116677518167
464,Buga,22.869728,1.0683953963130364
465,Bugama,27.134274,0.7014637907890418
466,Buhe,17.959454,0.087646484375
467,Bujumbura,21.705545,0.8894233703613281
468,Bukan,14.99791,0.9120194612435952
469,Bukavu,21.314909,0.9327482328023002
470,Bukit Mertajam,27.956455,0.6974029541015625
471,Bulandshahr,27.544273,1.3789291381835938
472,Bulaon,27.611454,1.0038986206054688
473,Bulawayo,20.798182,1.3495655059814453
474,Buon Me Thuot,24.765728,0.8389914628398216
475,Buraydah,27.039726,1.1663589477539062
476,Burbank,16.834183,0.3165264129638672
477,Burewala,27.604546,0.9411163330078125
478,Burgas,12.495182,-0.5015505556790334
479,Burgos,12.398637,1.0248187460989318
480,Burhanpur,27.282272,0.8691595622471411
481,Bursa,12.103363,-0.3079094995979137
482,Bushehr,21.237999,0.7616837930958162
483,Butembo,21.949728,0.9356621446280649
484,Butterworth,27.956455,0.6974029541015625
485,Butuan,27.06691,0.8350873486749073
486,Buzau,8.903545,0.12134584660799952
487,Bydgoszcz,8.080545,-0.28864760668772504
488,Bytom,8.682909,-0.18577105504161828
489,Cà Mau,27.842363,0.7443938062370172
490,Córdoba,20.211653,1.2912616729736328
491,Cúa,26.198454,1.1330413818359375
492,Cúcuta,21.970182,1.047323226928711
493,Cabanatuan,27.611454,1.0038986206054688
494,Cabimas,28.454908,1.029205322265625
495,Cabo Frio,24.336363,0.7138214111328125
496,Cabudare,26.181726,1.2151336669921875
497,Cachoeirinha,17.986454,0.2819194793701172
498,Cachoeiro De Itapemirim,23.398,1.048074722290039
499,Cadiz,22.856434,2.456167221069336
500,Caen,10.926182,0.0910135179195759
501,Cagayan De Oro,27.546726,0.9119883014309806
502,Cagliari,18.096182,0.8703459721691189
503,Cagua,27.151,1.3065147399902344
504,Cainta,27.611454,1.0038986206054688
505,Cairns,23.459272,0.6482951672046227
506,Cairo,21.943455,-0.06439362320245579
507,Cajamarca,18.175545,1.3534698486328125
508,Calabar,27.412,0.794678361448522
509,Calabozo,28.486637,1.0834846496582031
510,Calama,14.706364,0.9156379699707031
511,Calamba,27.541273,0.9742869856935101
512,Calcutta,27.569727,0.8359830154562893
513,Calgary,7.4096365,2.570467411939587
514,Cali,22.869728,1.0683953963130364
515,Cam Pha,23.984182,0.9842071533203125
516,Cam Ranh,24.765728,0.8389914628398216
517,Camaçari,26.211546,1.0410137176513672
518,Camagüey,26.00791,0.49790382385253906
519,Camaragibe,25.971819,0.5477644402211119
520,Cambridge,8.957044,0.32960758083745034
521,Campeche,26.628181,0.2892627716064453
522,Campina Grande,25.479092,0.7256894078747962
523,Campinas,20.020363,0.5861892700195312
524,Campo Grande,23.668455,0.3171882629394531
525,Campos,24.811363,0.9773845672607422
526,Can Tho,28.362364,0.7749876342067843
527,Canberra,11.162637,0.29002857208251953
528,Cancún,25.123001,0.3175373077392578
529,Cangzhou,15.137818,0.512906324668009
530,Canoas,17.986454,0.2819194793701172
531,Cap Haïtien,26.894909,0.6801259277989615
532,Cape Coast,27.010818,1.118936385084318
533,Cape Coral,23.752274,0.3106773687534563
534,Cape Town,16.263454,0.5305633544921875
535,Capiatá,22.423637,0.019727706909179688
536,Carúpano,27.244183,1.140878677368164
537,Caracas,26.198454,1.1330413818359375
538,Carapicuíba,20.020363,0.5861892700195312
539,Cardiff,9.553909,0.005610413821237614
540,Cariacica,23.398,1.048074722290039
541,Carmen,26.781273,0.3245105743408203
542,Carolina,26.319727,0.8482341766357422
543,Carrefour,27.244637,0.6387165803960286
544,Carrollton,19.33909,0.2226409912109375
545,Cartagena,23.322739,2.3414188226064034
546,Cartago,22.869728,1.0683953963130364
547,Caruaru,23.892908,0.84423828125
548,Cary,15.888909,0.4859587665746421
549,Casablanca,18.894636,1.006360483951255
550,Cascavel,20.064728,0.1450519561767578
551,Castanhal,26.776728,0.9145161116995446
552,Catamarca,18.427454,0.5202865600585938
553,Catanduva,22.799726,0.3999176025390625
554,Catania,16.75909,0.6678351852129083
555,Catia La Mar,26.198454,1.1330413818359375
556,Caucaia,27.642727,0.7346387669660039
557,Cavite,27.611454,1.0038986206054688
558,Caxias,27.65909,1.0414958000183105
559,Caxias Do Sul,17.986454,0.2819194793701172
560,Cebu,28.149454,0.9095034056072002
561,Cedar Rapids,11.862182,2.3963709372394497
562,Celaya,17.575909,0.005512237548828125
563,Chakwal,24.044273,0.6879757859490141
564,Chalco,16.10009,0.06128120422363281
565,Champdani,27.569727,0.8359830154562893
566,Chandannagar,27.569727,0.8359830154562893
567,Chandausi,27.044546,1.2998161315917969
568,Chandigarh,15.157,0.985361811758457
569,Chandler,22.168272,0.158233642578125
570,Chandpur,27.055,0.8990025520324707
571,Chandrapur,28.363274,0.6511903853643517
572,Changchun,7.1318183,0.21794073322276386
573,Changde,17.886726,0.16039466857910156
574,Changji,8.146455,0.21200334716955016
575,Changzhou,17.209545,0.07167434692382812
576,Chaohu,16.862545,0.06154823303222656
577,Chaoyang,10.538636,0.20301019836583833
578,Chaozhou,22.814363,0.6744842529296875
579,Chapecó,18.962545,0.14558029174804688
580,Charallave,26.198454,1.1330413818359375
581,Charleroi,10.564,-0.03663238129525759
582,Charleston,19.648363,0.18717126157347153
583,Charlotte,17.353546,0.4203682380937366
584,Chas,26.83509,0.8368878454532265
585,Chattanooga,16.734455,0.6901905291887296
586,Chavakachcheri,28.688818,0.9227447328113385
587,Cheboksary,4.442727,-0.39207860928661376
588,Chelmsford,10.031818,-0.01561733821652922
589,Cheltenham,9.553909,0.005610413821237614
590,Chelyabinsk,3.9678183,0.3150889626089133
591,Chemnitz,8.950091,-0.21315376353713766
592,Chengde,9.305909,0.49535781237745447
593,Chengdu,12.188545,0.5933348129355842
594,Chenghai,22.814363,0.6744842529296875
595,Chenzhou,18.523636,0.359283447265625
596,Cherepovets,3.524909,-0.5544612637105981
597,Cherkasy,7.3586364,-1.216193953100241
598,Cherkessk,8.078909,-0.4910612106323242
599,Chernihiv,6.261182,-1.0167082813550845
600,Chernivtsi,7.88,-0.5009059739562698
601,Chesapeake,16.673454,0.15120642266799322
602,Chetumal,27.319454,0.4966697692871094
603,Chhapra,26.372726,0.7577877044677734
604,Chhatarpur,27.008545,0.9664859771728516
605,Chhindwara,26.941,0.6884518941243485
606,Chiang Mai,26.012182,0.5474956451900432
607,Chicago,13.031091,1.9668193331304593
608,Chiclayo,22.107273,1.5414749656136593
609,Chifeng,8.770364,0.39794644667076895
610,Chigasaki,14.45009,0.8499526977539062
611,Chihuahua,16.944727,-0.5056629180908203
612,Chikmagalur,26.328728,0.9128965105329243
613,Chillan,11.794818,0.9307470321655273
614,Chilpancingo,21.562819,0.3135134236196464
615,Chimalhuacán,16.10009,0.06128120422363281
616,Chimbote,19.46109,1.5707419586181643
617,Chimoio,23.548182,1.0972480773925781
618,Chinandega,28.565454,1.1322190833814219
619,Chincha Alta,19.852182,1.1932697296142578
620,Chingola,21.54409,0.9940910339355469
621,Chiniot,26.081182,0.8468742370605469
622,Chishtian Mandi,27.604546,0.9411163330078125
623,Chisinau,9.238728,-0.7508494512090138
624,Chita,-2.0654545,0.2088966465366937
625,Chitradurga,25.725363,0.8689668927873875
626,Chittaurgarh,27.252,1.3823485280953207
627,Chitungwiza,21.23109,1.1951751708984375
628,Chizhou,16.953182,0.15504837036132812
629,Chofu,14.45009,0.8499526977539062
630,Choloma,24.840092,0.6056576903148354
631,Chon Buri,27.972181,0.6591658819289421
632,Chongqing,18.158636,0.31790733337402344
633,Chorzow,8.682909,-0.18577105504161828
634,Chosica,17.752182,1.275979995727539
635,Christchurch,10.459545,0.6906585693359375
636,Chula Vista,16.490454,0.08950042724609375
637,Chuncheng,24.007,0.8455753326416016
638,Chungho,22.21,0.45516204833984375
639,Chupei,22.21,0.45516204833984375
640,Churu,27.521273,1.325714111328125
641,Chuzhou,16.576635,0.1686878204345703
642,Ciamis,25.56409,0.7657557444967296
643,Ciampea,26.557545,0.7396850950399028
644,Cianjur,25.56409,0.7657557444967296
645,Cibadak,26.557545,0.7396850950399028
646,Cibinong,27.299091,0.7556446707172775
647,Cibitung,27.299091,0.7556446707172775
648,Cicalengka,25.56409,0.7657557444967296
649,Ciego De Ávila,26.00791,0.49790382385253906
650,Cienfuegos,26.284908,0.5661602020263672
651,Cikampek,25.56409,0.7657557444967296
652,Cikarang,27.299091,0.7556446707172775
653,Cikupa,27.299091,0.7556446707172775
654,Cilegon,27.299091,0.7556446707172775
655,Cileungsi,27.299091,0.7556446707172775
656,Cileunyi,25.56409,0.7657557444967296
657,Cimahi,25.56409,0.7657557444967296
658,Cincinnati,13.846727,1.42520962377918
659,Ciomas,26.557545,0.7396850950399028
660,Ciparay,25.56409,0.7657557444967296
661,Ciputat,27.299091,0.7556446707172775
662,Cirebon,25.56409,0.7657557444967296
663,Cisaat,26.557545,0.7396850950399028
664,Cisarua,27.299091,0.7556446707172775
665,Citeureup,27.299091,0.7556446707172775
666,Ciudad Bolívar,27.404455,1.079935073852539
667,Ciudad Guayana,26.310364,1.0868983213928907
668,Ciudad Valles,21.14709,-0.2179393768310547
669,Clarksville,16.448364,1.1130275327443169
670,Clearwater,22.652636,0.1748071721687161
671,Clermont Ferrand,10.148363,0.6004705015218477
672,Cleveland,12.141818,1.3727860215045649
673,Cluj Napoca,10.375455,0.1687269048870732
674,Coacalco,16.10009,0.06128120422363281
675,Coatzacoalcos,25.640272,0.128326416015625
676,Cochabamba,16.330454,1.3661432266235352
677,Coimbra,15.279909,1.0311383841172699
678,Colatina,23.398,1.048074722290039
679,Colchester,10.031818,-0.01561733821652922
680,Colima,21.267363,0.1507811406899613
681,Cologne,9.496091,-0.10557240720065053
682,Colombo,22.29813,-0.07531356811523438
683,Colorado Springs,10.331909,0.4778704151664819
684,Columbia,17.353546,0.4203682380937366
685,Columbus,15.23187,0.9594224443975481
686,Comodoro Rivadavia,11.034091,0.7819395065307617
687,Conakry,27.414818,0.7972694227967096
688,Concepcion,13.305091,1.0217361450195312
689,Concord,15.561909,0.5482149124145508
690,Concordia,18.362545,0.3572273254394531
691,Conselheiro Lafaiete,21.875092,0.9639778137207031
692,Constanta,11.833181,-0.6054143437799411
693,Constantine,16.868362,1.1317110061645508
694,Contagem,21.875092,0.9639778137207031
695,Copenhagen,8.07,-0.6157202558697392
696,Copiapo,10.723454,1.0305604934692383
697,Coquimbo,15.313,1.0770845413208008
698,Coral Springs,23.900091,0.3309692939122506
699,Cordoba,16.698545,0.36153221130371094
700,Cork,10.215454,0.13566745362191845
701,Coro,28.562908,1.0646858215332031
702,Corona,16.490454,0.08950042724609375
703,Coronel Fabriciano,21.305454,1.0079975128173828
704,Corpus Christi,22.439728,0.08605766296386719
705,Corrientes,20.343454,0.1753692626953125
706,Costa Mesa,16.490454,0.08950042724609375
707,Cotabato,27.36309,0.9386844635009766
708,Cotia,20.020363,0.5861892700195312
709,Cotonou,28.032545,0.9872747240839779
710,Cottbus,9.471818,-0.3341484807572268
711,Coventry,9.553909,0.005610413821237614
712,Cracow,8.682909,-0.18577105504161828
713,Craiova,12.162636,0.20889009439720319
714,Crawley,10.682091,0.021413788705501702
715,Criciúma,17.661818,0.2997760772705078
716,Cuautitlán Izcalli,16.10009,0.06128120422363281
717,Cuautla,21.562819,0.3135134236196464
718,Cubatão,20.020363,0.5861892700195312
719,Cuddapah,29.093454,0.7639483588082463
720,Cuenca,22.256092,1.0510673522949219
721,Cuernavaca,21.562819,0.3135134236196464
722,Cuiabá,25.725182,0.6979331970214844
723,Culiacán,25.827364,0.27327412572400434
724,Cumaná,27.331726,1.2068119049072266
725,Curico,13.743363,0.9691839218139648
726,Curitiba,17.34891,0.2799091339111328
727,Curug,27.299091,0.7556446707172775
728,Cusco,11.974818,1.0764428295501283
729,Czestochowa,8.682909,-0.18577105504161828
730,Düsseldorf,9.496091,-0.10557240720065053
731,Da Lat,24.765728,0.8389914628398216
732,Da Nang,25.690727,0.8522399395187463
733,Daan,18.904272,0.4719447776919523
734,Dabrowa Gornicza,8.682909,-0.18577105504161828
735,Dadiangas,27.993637,0.8412265777587891
736,Dadu,28.092728,0.8325968994491397
737,Dagupan,26.144545,0.8661613464355469
738,Dahuk,20.794,0.5377897722967724
739,Daito,16.544,0.7904108656934028
740,Dakar,26.037727,1.1149511276536686
741,Dali,13.170546,0.4833928633501188
742,Dalian,11.729818,0.1252816553865923
743,Daliang,23.186546,0.7864761352539062
744,Dallas,19.33909,0.2226409912109375
745,Daloa,26.62009,1.0308673687470282
746,Damascus,19.301455,0.15664826369867058
747,Damaturu,29.130545,0.8569858814107967
748,Damoh,26.434727,0.7331404277256546
749,Dandong,10.840454,0.21518898010253906
750,Danshui,23.031908,0.8122787475585938
751,Dar Es Salaam,26.343365,0.7636725490254577
752,Darbhanga,25.078728,0.6345653533935547
753,Darjiling,22.815182,0.5596733093261719
754,Darmstadt,8.826091,-0.18566650894452863
755,Daska,24.044273,0.6879757859490141
756,Dasmariñas,27.541273,0.9742869856935101
757,Dasoguz,14.877363,-0.035324865610812495
758,Datong,6.4345455,1.184780213499316
759,Daugavpils,5.8737273,-0.6753956956683469
760,Davao,26.771364,0.7888208177354592
761,Dawei,26.978819,0.6567140003991518
762,Dawukou,10.633818,1.225307029763652
763,Daxian,17.75491,0.25602402121333867
764,Dayton,13.822637,1.3741434953058622
765,Debre Zeyit,21.689817,0.7146816253662109
766,Debrecen,10.375455,0.1687269048870732
767,Dehra Dun,25.432001,1.3224105834960938
768,Dehri,27.006454,0.7597370147705078
769,Dehui,7.1318183,0.21794073322276386
770,Dekernes,21.32718,-0.10016743641979176
771,Delhi,27.544273,1.3789291381835938
772,Delicias,16.944727,-0.5056629180908203
773,Delmas,27.244637,0.6387165803960286
774,Denizli,15.702364,-0.23722362518310547
775,Denpasar,26.84891,0.7392959594726562
776,Denton,19.33909,0.2226409912109375
777,Denver,10.331909,0.4778704151664819
778,Deoria,26.372726,0.7577877044677734
779,Depok,27.016739,0.7461488941047776
780,Dera Ghazi Khan,25.548273,0.9155807495117188
781,Dera Ismail Khan,26.858,0.9355220794677734
782,Derbent,11.366182,-0.1528425127960915
783,Derby,9.105818,-0.03917302365572972
784,Des Moines,13.358909,2.0792703295653716
785,Dese,24.222363,0.6847324371337891
786,Detroit,11.463364,1.7070364196345498
787,Dewas,26.725182,1.152071580432711
788,Deyang,12.188545,0.5933348129355842
789,Dezful,18.135092,0.7695412349179804
790,Dezhou,15.137818,0.512906324668009
791,Dhaka,27.055,0.8990025520324707
792,Dhanbad,26.83509,0.8368878454532265
793,Dharan,22.815182,0.5596733093261719
794,Dharmavaram,28.390182,0.8028553644816085
795,Dhaulpur,27.858545,1.3198355589762762
796,Dhule,26.571,0.9625368118286133
797,Diadema,20.020363,0.5861892700195312
798,Dibrugarh,20.362637,0.5110454253334424
799,Didao,4.8628182,0.05476808547973633
800,Digos,26.771364,0.7888208177354592
801,Dijon,10.016455,0.3158265959541744
802,Dimapur,23.922,0.5869464874267578
803,Dimitrovgrad,4.3283634,-0.5759785692048167
804,Dinajpur,26.744637,0.7989826202392578
805,Dindigul,26.571363,1.0495428902762285
806,Dingzhou,9.744819,0.8269031233120465
807,Diourbel,28.807272,1.0490970368597914
808,Dire Dawa,28.427092,0.5226325988769531
809,Divinópolis,21.875092,0.9639778137207031
810,Divo,27.247272,1.0932009281256256
811,Djougou,28.196,1.0557994713654395
812,Do Rud,18.135092,0.7695412349179804
813,Dodoma,22.843637,0.7306503209852622
814,Doha,28.351181,0.5828070873167448
815,Donghai,22.814363,0.6744842529296875
816,Dongli,25.437181,1.0065879821777344
817,Dongling,9.156091,0.20240306854248047
818,Dongtai,15.948818,0.07058238983154297
819,Dongying,14.491818,0.37327098846435547
820,Dordrecht,9.7219095,-0.119594798897797
821,Dortmund,9.560091,-0.19488776045025524
822,Dos Hermanas,18.602728,0.7578620910644531
823,Dos Quebradas,19.947908,0.9870775211492244
824,Douala,25.15,0.6340568098303407
825,Dourados,22.666454,0.1829547882080078
826,Downey,16.834183,0.3165264129638672
827,Dresden,8.950091,-0.21315376353713766
828,Drobeta Turnu Severin,11.197364,0.42526822360056826
829,Dubai,27.697819,0.36805152893066406
830,Dublin,9.204819,0.06622860206747916
831,Dudley,9.553909,0.005610413821237614
832,Duisburg,9.496091,-0.10557240720065053
833,Dum Dum,27.569727,0.8359830154562893
834,Duma,18.881182,0.3932114962873783
835,Dumaguete,27.546726,0.9119883014309806
836,Dumai,27.364727,0.7582073211669922
837,Dundee,6.851909,-0.20384131827444385
838,Dunedin,7.721818,0.7928895950317383
839,Dunhua,4.718364,0.28075456619262695
840,Duque De Caxias,24.336363,0.7138214111328125
841,Durango,17.794273,-0.5540885925292969
842,Durban,20.830273,0.6905136108398438
843,Durg,26.854818,0.596685609363373
844,Durgapur,26.83509,0.8368878454532265
845,Durham,15.888909,0.4859587665746421
846,Durrës,16.578545,0.3449524681523144
847,Dushanbe,8.834091,0.3545217514038086
848,Dzerzhinsk,4.352909,-0.38086607591161226
849,East London,18.084183,0.7299938201904297
850,East Los Angeles,16.834183,0.3165264129638672
851,Eastbourne,10.659272,0.05735378805196589
852,Ebetsu,8.315273,0.23697948455810547
853,Ebina,14.45009,0.8499526977539062
854,Ecatepec,16.10009,0.06128120422363281
855,Edéa,25.15,0.6340568098303407
856,Ede,18.909,4.3859690882125
857,Edinburgh,8.020818,-0.11847968911224882
858,Edirne,12.072545,-0.13035668247150944
859,Edison,11.541272,0.8534103382676275
860,Edmonton,5.7033634,2.800900259467128
861,Eindhoven,9.7219095,-0.119594798897797
862,Ejido,24.583727,1.0610523223876953
863,Ejigbo,27.280546,0.9657905447072004
864,Ekibastuz,4.0985456,0.06286028226216622
865,El Faiyûm,21.943455,-0.06439362320245579
866,El Limón,27.151,1.3065147399902344
867,El Mahalla El Kubra,21.32718,-0.10016743641979176
868,El Monte,16.834183,0.3165264129638672
869,El Paso,16.144728,-0.6358401367018907
870,El Progreso,24.840092,0.6056576903148354
871,El Tigre,27.404455,1.079935073852539
872,Elbasan,16.578545,0.3449524681523144
873,Elblag,7.405273,-0.5481011507646096
874,Eldoret,21.775364,0.9998130798339844
875,Elektrostal,4.738727,-0.7379581937250101
876,Elista,10.206636,-1.0234176392250873
877,Elizabeth,11.541272,0.8534103382676275
878,Eluru,28.640545,0.6284819466727107
879,Embu,20.020363,0.5861892700195312
880,Emmen,9.560091,-0.19488776045025524
881,Encheng,24.007,0.8455753326416016
882,Engels,6.169182,-1.2116813297054163
883,Enschede,9.560091,-0.19488776045025524
884,Ensenada,16.52609,0.09510612487792969
885,Enugu,27.726,0.907131064428043
886,Envigado,19.947908,0.9870775211492244
887,Erfurt,8.132909,-0.31594273639175086
888,Erlangen,9.550818,-0.0038955184648621355
889,Erode,26.031727,0.9787020547049394
890,Erzincan,10.228,-0.11022068124956874
891,Erzurum,6.9696364,-0.07062278348346052
892,Escondido,16.490454,0.08950042724609375
893,Escuintla,20.10309,0.7103044615851495
894,Esenyurt,13.737364,-0.42576404427582304
895,Esfahan,12.955,0.7179756164550781
896,Eskisehir,11.867909,-0.2827491760253906
897,Eslamshahr,14.865545,0.4758491818867032
898,Esmeraldas,21.875092,0.9639778137207031
899,Espoo,4.3833637,-0.8489623233957113
900,Essen,9.496091,-0.10557240720065053
901,Etah,27.044546,1.2998161315917969
902,Etawah,27.432909,1.2430367095797656
903,Eugene,11.442182,1.0417184829711914
904,Evansville,16.023363,1.3956187523816475
905,Exeter,10.945727,0.04607705710069254
906,Ezhou,18.169273,0.1501617431640625
907,Fürth,9.550818,-0.0038955184648621355
908,Fairfield,15.561909,0.5482149124145508
909,Faisalabad,26.081182,0.8468742370605469
910,Faizabad,26.957182,0.9314079284667969
911,Faridabad,27.544273,1.3789291381835938
912,Faridpur,27.055,0.8990025520324707
913,Farrukhabad,27.044546,1.2998161315917969
914,Fatehpur,26.791908,1.0876579284667969
915,Fayetteville,17.68891,0.33614147751956835
916,Feira De Santana,25.132727,1.0812530517578125
917,Fengcheng,9.156091,0.20240306854248047
918,Fengshan,24.076637,0.5213832855224609
919,Fernando De La Mora,22.423637,0.019727706909179688
920,Ferrara,13.333636,0.5145686689412816
921,Ferraz De Vasconcelos,20.020363,0.5861892700195312
922,Fez,18.820272,0.8773689270019531
923,Fianarantsoa,21.595818,0.7897314823849086
924,Firozabad,27.432909,1.2430367095797656
925,Firozpur,25.506,0.8906767817905958
926,Flint,11.463364,1.7070364196345498
927,Florence,13.333636,0.5145686689412816
928,Florencia,19.210636,1.003953218460083
929,Florianópolis,20.497364,0.40311622619628906
930,Floridablanca,26.175455,0.8980560302734375
931,Focsani,8.903545,0.12134584660799952
932,Foggia,15.352546,0.41462425016007387
933,Fontana,18.013,0.08055877685546875
934,Forlì,13.333636,0.5145686689412816
935,Formosa,21.117273,0.08121299743652344
936,Fort Collins,9.913273,0.6835983861791028
937,Fort Lauderdale,23.900091,0.3309692939122506
938,Fort Wayne,12.541636,1.5835306815381323
939,Fort Worth,19.33909,0.2226409912109375
940,Fortaleza,27.799637,0.8084163665771484
941,Foshan,23.186546,0.7864761352539062
942,Foz Do Iguaçu,21.311546,0.08521842956542969
943,Franca,22.26491,0.6727066040039062
944,Francisco Morato,20.020363,0.5861892700195312
945,Franco Da Rocha,20.020363,0.5861892700195312
946,Frankfurt,8.826091,-0.18566650894452863
947,Freetown,27.414818,0.7972694227967096
948,Freiburg,8.020546,0.3461666611005674
949,Fremont,15.561909,0.5482149124145508
950,Fresnillo,15.754,-0.3578052520751953
951,Fresno,17.109728,0.44840240478515625
952,Fuchu,14.45009,0.8499526977539062
953,Fuenlabrada,13.230273,1.0305365346512705
954,Fuji,17.484728,0.8064002990722656
955,Fujieda,17.484728,0.8064002990722656
956,Fujimi,14.45009,0.8499526977539062
957,Fujinomiya,17.484728,0.8064002990722656
958,Fujisawa,14.45009,0.8499526977539062
959,Fukaya,14.45009,0.8499526977539062
960,Fukuyama,16.313818,0.6314601898193359
961,Fuling,18.158636,0.31790733337402344
962,Fullerton,16.490454,0.08950042724609375
963,Funabashi,14.45009,0.8499526977539062
964,Funtua,27.971,0.9665619028025674
965,Fushun,9.156091,0.20240306854248047
966,Fuxin,8.873546,0.2827657393223255
967,Fuyang,16.651636,0.22222900390625
968,Fuyu,5.758182,0.016859974885851337
969,Fuzhou,19.73,0.3666534423828125
970,Gómez Palacio,20.044546,-0.7023391723632812
971,Göteborg,5.9412727,-0.8292276027067649
972,Göttingen,8.904454,-0.3464216520201493
973,Gaborone,19.552546,1.0253791809082031
974,Gadag,26.196728,0.820513334728421
975,Gagnoa,26.482454,0.993930804501673
976,Gainesville,21.133636,0.2813759937939082
977,Galati,10.682181,-0.49779750536072953
978,Gandajika,24.860817,0.9007836433306124
979,Gandhidham,28.764545,1.5010757446289062
980,Gandhinagar,28.755817,1.5787086486816406
981,Ganganagar,26.888363,1.022634506225586
982,Gangapur,27.858545,1.3198355589762762
983,Gangawati,26.196728,0.820513334728421
984,Ganzhou,19.287819,0.4092864990234375
985,Gaomi,13.857454,0.2766914367675781
986,Gaozhou,24.007,0.8455753326416016
987,Garanhuns,23.892908,0.84423828125
988,Garden Grove,16.490454,0.08950042724609375
989,Gardez,19.421726,1.0551220049176884
990,Garland,19.33909,0.2226409912109375
991,Garoua,27.796545,0.7996273824613382
992,Garut,25.56409,0.7657557444967296
993,Garza García,22.059818,-0.7640380859375
994,Gashua,29.272455,0.8555142369763615
995,Gaya,26.773363,0.7552337646484375
996,Gaziantep,14.590273,-0.18471050262451172
997,Gazipur,27.055,0.8990025520324707
998,Gazni,12.617364,0.9643116833870877
999,Gboko,28.074455,0.8557272741239359
1000,Gbongan,27.280546,0.9657905447072004
1001,Gdansk,8.080545,-0.28864760668772504
1002,Gdynia,8.080545,-0.28864760668772504
1003,Gebze,13.916818,-0.3876519976921795
1004,Geelong,13.143182,0.2661705017089844
1005,Gejiu,18.248363,0.8799169713800588
1006,Gelsenkirchen,9.560091,-0.19488776045025524
1007,Gemena,25.610909,0.66041448671524
1008,General Escobedo,22.059818,-0.7640380859375
1009,Geneva,10.003364,0.5662673068496424
1010,Genoa,14.449182,0.49489095795829385
1011,Gent,10.564,-0.03663238129525759
1012,George,16.628727,0.7944316864013672
1013,Georgetown,27.726364,1.0313857944532359
1014,Gera,8.132909,-0.31594273639175086
1015,Getafe,13.230273,1.0305365346512705
1016,Ghaziabad,27.544273,1.3789291381835938
1017,Ghazipur,27.006454,0.7597370147705078
1018,Gijón,14.357273,0.8955112349312255
1019,Gilbert,22.168272,0.158233642578125
1020,Gillingham,10.659272,0.05735378805196589
1021,Girón,26.175455,0.8980560302734375
1022,Girardot,21.006546,0.9934037676929712
1023,Giugliano In Campania,15.352546,0.41462425016007387
1024,Gizeh,21.943455,-0.06439362320245579
1025,Glasgow,8.020818,-0.11847968911224882
1026,Glazov,2.5548182,0.23062907287518097
1027,Glendale,18.999304,-0.03276634216308594
1028,Gliwice,8.682909,-0.18577105504161828
1029,Gloucester,9.553909,0.005610413821237614
1030,Godhra,27.621454,1.3921723849531524
1031,Goiânia,23.07791,0.8793048858642578
1032,Gojra,26.081182,0.8468742370605469
1033,Gold Coast,19.581182,0.4520854949951172
1034,Goma,20.019182,0.9415938541806987
1035,Gombe,28.055635,0.8892450924577382
1036,Gomel,6.261182,-1.0167082813550845
1037,Gonbad E Qabus,18.097364,0.3931995018449399
1038,Gonda,26.957182,0.9314079284667969
1039,Gondal,27.978182,1.3465347290039062
1040,Gondar,19.183908,0.6186943054199219
1041,Gongzhuling,7.1318183,0.21794073322276386
1042,Gorakhpur,26.372726,0.7577877044677734
1043,Gorgan,16.772545,0.5477347348187429
1044,Gorontalo,27.324,1.1176395416259766
1045,Gorzow Wielkopolski,9.297455,-0.2011843645347735
1046,Governador Valadares,23.525455,1.0885868072509766
1047,Granada,18.001637,0.8720684051513672
1048,Grand Prairie,19.33909,0.2226409912109375
1049,Grand Rapids,11.474818,1.7992988464967254
1050,Gravataí,17.986454,0.2819194793701172
1051,Graz,8.281454,0.20366373601949483
1052,Green Bay,10.501272,2.2216752943002955
1053,Greensboro,15.888909,0.4859587665746421
1054,Grenoble,10.003364,0.5662673068496424
1055,Grogol,27.063364,0.8592734853173525
1056,Groningen,9.180727,-0.33663747715500136
1057,Guaíba,17.986454,0.2819194793701172
1058,Guacara,27.151,1.3065147399902344
1059,Guadalajara,21.267363,0.1507811406899613
1060,Guadalupe,22.059818,-0.7640380859375
1061,Guanare,24.583727,1.0610523223876953
1062,Guangshui,17.378908,0.13789939880371094
1063,Guangyuan,15.081454,0.5220204963058723
1064,Guangzhou,23.186546,0.7864761352539062
1065,Guantánamo,26.756636,0.6856155395507812
1066,Guarapari,23.398,1.048074722290039
1067,Guarapuava,18.133455,0.17804527282714844
1068,Guaratinguetá,22.007727,0.6547088623046875
1069,Guarenas,26.198454,1.1330413818359375
1070,Guarujá,20.020363,0.5861892700195312
1071,Guarulhos,20.020363,0.5861892700195312
1072,Guatemala,20.10309,0.7103044615851495
1073,Guatemala City,20.10309,0.7103044615851495
1074,Guatire,26.198454,1.1330413818359375
1075,Guayaquil,22.256092,1.0510673522949219
1076,Guaymas,25.427273,0.2987581166354083
1077,Gudalur,29.270546,0.8070219584873755
1078,Gudivada,28.640545,0.6284819466727107
1079,Guelph,8.689,1.666540306019333
1080,Guilin,20.229181,0.6344757080078125
1081,Guiyang,16.69518,0.6543560028076172
1082,Gujranwala,24.044273,0.6879757859490141
1083,Gujrat,24.044273,0.6879757859490141
1084,Gulbarga,27.840818,0.7041231700352277
1085,Gulu,25.259727,0.9370918273925781
1086,Guna,27.06791,1.1096344362710404
1087,Guntakal,28.390182,0.8028553644816085
1088,Guntur,28.640545,0.6284819466727107
1089,Gurgaon,27.544273,1.3789291381835938
1090,Gusau,27.971,0.9665619028025674
1091,Guwahati,23.32909,0.6272983551025391
1092,Gwalior,27.432909,1.2430367095797656
1093,Gweru,20.798182,1.3495655059814453
1094,Gyor,10.890364,-0.0536545357614191
1095,Gyumri,9.535,-0.02743084707925547
1096,Hòa Bình,24.818,0.9307159798682783
1097,Ha Noi,23.245546,0.9769096374511719
1098,Haarlem,9.7219095,-0.119594798897797
1099,Haarlemmermeer,9.7219095,-0.119594798897797
1100,Habikino,16.544,0.7904108656934028
1101,Habra,27.569727,0.8359830154562893
1102,Hachinohe,10.797636,0.38007259368896484
1103,Hachioji,14.45009,0.8499526977539062
1104,Hadano,14.45009,0.8499526977539062
1105,Hadejia,28.378546,0.8872014933618999
1106,Hafizabad,26.081182,0.8468742370605469
1107,Hagen,9.560091,-0.19488776045025524
1108,Hagonoy,27.611454,1.0038986206054688
1109,Hai Phong,23.245546,0.9769096374511719
1110,Haibowan,10.633818,1.225307029763652
1111,Haicheng,14.908044,0.8388032913208008
1112,Haifa,19.301455,0.15664826369867058
1113,Haikou,20.145565,1.2194080352783203
1114,Hailar,-0.3423636,-0.08380602254324782
1115,Hailun,3.3913636,-0.25296543299225327
1116,Haimen,22.814363,0.6744842529296875
1117,Hajipur,26.773363,0.7552337646484375
1118,Hakodate,10.797636,0.38007259368896484
1119,Haldia,27.580091,0.7535387345080089
1120,Haldwani,19.33091,1.26519775390625
1121,Halifax,7.4278183,0.27414886579767384
1122,Halisahar,27.569727,0.8359830154562893
1123,Halle,8.132909,-0.31594273639175086
1124,Hamadan,12.842636,0.9093418121337891
1125,Hamamatsu,17.484728,0.8064002990722656
1126,Hamburg,8.706818,-0.41847714478114817
1127,Hami,9.238273,0.6205421062331133
1128,Hamilton,12.515218,2.0394541744915937
1129,Hamm,9.560091,-0.19488776045025524
1130,Hampton,16.673454,0.15120642266799322
1131,Handa,16.544,0.7904108656934028
1132,Handan,15.382999,0.47229576110839844
1133,Hangu,12.620636,0.3225768456856404
1134,Hangzhou,17.249727,0.14849281311035156
1135,Hanoi,23.245546,0.9769096374511719
1136,Hanover,8.904454,-0.3464216520201493
1137,Hanumangarh,26.888363,1.022634506225586
1138,Hanzhong,15.081454,0.5220204963058723
1139,Haora,27.569727,0.8359830154562893
1140,Hapur,27.544273,1.3789291381835938
1141,Harare,21.23109,1.1951751708984375
1142,Harbin,5.758182,0.016859974885851337
1143,Hardoi,26.791908,1.0876579284667969
1144,Hargeysa,24.418636,0.5453720092773438
1145,Haridwar,25.432001,1.3224105834960938
1146,Hartford,11.665,0.6733024800231693
1147,Hassan,25.725363,0.8689668927873875
1148,Hat Yai,27.736,0.7392971348118138
1149,Hathras,27.544273,1.3789291381835938
1150,Hayward,15.561909,0.5482149124145508
1151,Hazaribag,25.649637,0.7679404758271708
1152,Hebi,12.056182,0.491556264041515
1153,Hefei,16.953182,0.15504837036132812
1154,Hegang,3.9893637,-0.09858226776123047
1155,Heidelberg,9.550818,-0.0038955184648621355
1156,Heihe,1.0159998,-0.5455024905425587
1157,Heilbronn,9.550818,-0.0038955184648621355
1158,Helsinki,4.3833637,-0.8489623233957113
1159,Henderson,18.606182,0.12711668014526367
1160,Hengshan,4.8628182,0.05476808547973633
1161,Hengshui,15.137818,0.512906324668009
1162,Hengyang,18.523636,0.359283447265625
1163,Henzada,27.701818,0.6966223986643669
1164,Herat,16.239727,0.8494338989257812
1165,Hermosillo,22.389273,0.07481663950373729
1166,Herne,9.560091,-0.19488776045025524
1167,Heze,16.159363,0.33065319061279297
1168,Hialeah,23.900091,0.3309692939122506
1169,Higüey,27.00309,0.8640060424804688
1170,Highlands Ranch,10.331909,0.4778704151664819
1171,Hikone,16.544,0.7904108656934028
1172,Hildesheim,8.904454,-0.3464216520201493
1173,Himeji,16.313818,0.6314601898193359
1174,Hindupur,25.725363,0.8689668927873875
1175,Hino,14.45009,0.8499526977539062
1176,Hirakata,16.544,0.7904108656934028
1177,Hiratsuka,14.45009,0.8499526977539062
1178,Hirosaki,10.797636,0.38007259368896484
1179,Hiroshima,16.567364,0.5571079254150391
1180,Hisar,26.804728,1.2208658565174453
1181,Hitachi,15.508454,0.7130308151245117
1182,Ho Chi Minh City,28.178637,0.8292096088387382
1183,Hobart,11.919545,0.36186790466308594
1184,Hofu,16.567364,0.5571079254150391
1185,Hohhot,7.485182,1.25697636727842
1186,Holguín,26.983545,0.6754493713378906
1187,Hollywood,23.900091,0.3309692939122506
1188,Hong Gai,23.245546,0.9769096374511719
1189,Honggang,5.758182,0.016859974885851337
1190,Honghu,17.959454,0.087646484375
1191,Horlivka,7.028909,-1.5813993629419585
1192,Hortolândia,20.531637,0.44718360900878906
1193,Hoshangabad,26.856272,0.9254881904238736
1194,Hoshiarpur,25.506,0.8906767817905958
1195,Hospet,26.196728,0.820513334728421
1196,Hosur,26.031727,0.9787020547049394
1197,Houma,12.711545,0.6576000380385771
1198,Houston,21.04991,-0.032253265380859375
1199,Hrodna,6.735273,-0.536691388544047
1200,Hsichih,23.305363,0.5755100250244141
1201,Hsinchu,22.21,0.45516204833984375
1202,Hsintien,23.305363,0.5755100250244141
1203,Huánuco,10.805454,1.087010383605957
1204,Huadian,5.8874545,0.3108711242675781
1205,Huaibei,16.03191,0.3665590286254883
1206,Huaihua,17.383818,0.12340164184570312
1207,Huainan,16.576635,0.1686878204345703
1208,Huaiyin,15.948818,0.07058238983154297
1209,Huambo,20.687727,0.9111383124573607
1210,Huancayo,8.421727,1.150712490081787
1211,Huangcun,13.8143635,0.47180108229319195
1212,Huangpu,23.186546,0.7864761352539062
1213,Huangyan,18.303999,0.17313194274902344
1214,Huangzhou,18.169273,0.1501617431640625
1215,Hubli,26.196728,0.820513334728421
1216,Huddersfield,9.105818,-0.03917302365572972
1217,Hue,26.166546,0.957239096505301
1218,Huelva,18.602728,0.7578620910644531
1219,Huicheng,22.814363,0.6744842529296875
1220,Huixquilucan,16.10009,0.06128120422363281
1221,Huizhou,23.031908,0.8122787475585938
1222,Hulan,5.758182,0.016859974885851337
1223,Hulan Ergi,4.6926365,-0.25658094821198585
1224,Humen,23.031908,0.8122787475585938
1225,Huntington Beach,16.490454,0.08950042724609375
1226,Huntsville,16.734455,0.6901905291887296
1227,Huzhou,17.209545,0.07167434692382812
1228,Hyderabad,27.813478,0.893477058410646
1229,Iasi,9.360364,-0.24583666099692358
1230,Ibadan,27.280546,0.9657905447072004
1231,Ibagué,21.006546,0.9934037676929712
1232,Ibaraki,16.544,0.7904108656934028
1233,Ibarra,18.130272,1.0498838302416686
1234,Ibb,26.627636,0.29524993896484375
1235,Ibirité,21.875092,0.9639778137207031
1236,Ica,11.524091,1.1876773834228516
1237,Ichalkaranji,26.769728,0.9554667972383051
1238,Ichihara,18.050364,0.7156314849853516
1239,Ichikawa,14.45009,0.8499526977539062
1240,Ichinomiya,16.544,0.7904108656934028
1241,Idlib,19.374273,-0.11403465270996094
1242,Ife,27.280546,0.9657905447072004
1243,Igboho,27.675909,1.016211371586241
1244,Iguala,21.562819,0.3135134236196464
1245,Iida,13.823363,0.8685522079467773
1246,Ijero,26.971273,0.9229582556362814
1247,Ikare,26.971273,0.9229582556362814
1248,Ikere,26.971273,0.9229582556362814
1249,Ikire,27.280546,0.9657905447072004
1250,Ikirun,27.280546,0.9657905447072004
1251,Ikole,26.971273,0.9229582556362814
1252,Ikoma,16.544,0.7904108656934028
1253,Ikorodu,27.280546,0.9657905447072004
1254,Ikot Ekpene,27.412,0.794678361448522
1255,Ila,26.971273,0.9229582556362814
1256,Ilam,23.18791,0.8243588432271203
1257,Ilawe,26.971273,0.9229582556362814
1258,Ilebo,25.52209,0.8177622181095501
1259,Ilesha,27.675909,1.016211371586241
1260,Ilhéus,24.72809,1.0631847381591797
1261,Iligan,27.546726,0.9119883014309806
1262,Ilobu,27.280546,0.9657905447072004
1263,Iloilo,28.28191,0.9628342616407188
1264,Ilorin,27.675909,1.016211371586241
1265,Imabari,16.567364,0.5571079254150391
1266,Imperatriz,27.620728,1.0654675279344836
1267,Imphal,22.12309,0.5898812983898409
1268,Inazawa,16.544,0.7904108656934028
1269,Indaiatuba,20.531637,0.44718360900878906
1270,Independence,14.83991,1.682055748048633
1271,Indianapolis,13.846727,1.42520962377918
1272,Indore,26.725182,1.152071580432711
1273,Indramayu,27.134817,0.7905020987152298
1274,Inegol,12.103363,-0.3079094995979137
1275,Inglewood,16.834183,0.3165264129638672
1276,Ingolstadt,8.619727,-0.07080617310865911
1277,Ingraj Bazar,26.744637,0.7989826202392578
1278,Inisa,27.280546,0.9657905447072004
1279,Innsbruck,5.863818,0.34057590871486987
1280,Ipatinga,21.305454,1.0079975128173828
1281,Ipoh,27.60909,0.7340927124023438
1282,Ipswich,10.031818,-0.01561733821652922
1283,Iquique,18.114727,1.1158943176269531
1284,Iquitos,26.265728,0.6247743999256805
1285,Iráklion,19.066818,-0.18378067016601562
1286,Iranshahr,26.154272,0.2634954768300837
1287,Irapuato,17.575909,0.005512237548828125
1288,Irbid,19.301455,0.15664826369867058
1289,Irbil,20.794,0.5377897722967724
1290,Iringa,22.907726,0.7266686231570141
1291,Irkutsk,-0.07436377,0.07090501312933709
1292,Iruma,14.45009,0.8499526977539062
1293,Irvine,16.490454,0.08950042724609375
1294,Irving,19.33909,0.2226409912109375
1295,Ise,26.971273,0.9229582556362814
1296,Isehara,14.45009,0.8499526977539062
1297,Isesaki,14.45009,0.8499526977539062
1298,Iseyin,27.280546,0.9657905447072004
1299,Ishinomaki,11.639182,0.5291757583618164
1300,Isiro,23.425817,0.842673755514209
1301,Iskenderun,19.374273,-0.11403465270996094
1302,Islamabad,24.044273,0.6879757859490141
1303,Ismailia,21.32718,-0.10016743641979176
1304,Isparta,12.488545,-0.32752227783203125
1305,Istanbul,13.916818,-0.3876519976921795
1306,Itaboraí,24.336363,0.7138214111328125
1307,Itabuna,24.72809,1.0631847381591797
1308,Itagüí,19.947908,0.9870775211492244
1309,Itaguaí,22.007727,0.6547088623046875
1310,Itajaí,20.960546,0.3565940856933594
1311,Itami,16.544,0.7904108656934028
1312,Itapecerica Da Serra,20.020363,0.5861892700195312
1313,Itapetininga,20.531637,0.44718360900878906
1314,Itapevi,20.020363,0.5861892700195312
1315,Itaquaquecetuba,20.020363,0.5861892700195312
1316,Itarsi,26.856272,0.9254881904238736
1317,Itu,20.531637,0.44718360900878906
1318,Ivanovo,3.8826363,-0.5558769810874509
1319,Iwaki,13.146909,0.6362848281860352
1320,Iwakuni,16.567364,0.5571079254150391
1321,Iwatsuki,14.45009,0.8499526977539062
1322,Iwo,27.280546,0.9657905447072004
1323,Ixtapaluca,16.10009,0.06128120422363281
1324,Izhevsk,3.2772727,0.27689632399453856
1325,Izmir,17.718454,-0.22183990478515625
1326,Izmit,13.916818,-0.3876519976921795
1327,Izumi,16.544,0.7904108656934028
1328,Jaén,18.001637,0.8720684051513672
1329,Jaú,22.799726,0.3999176025390625
1330,Jabalpur,26.434727,0.7331404277256546
1331,Jaboatão,25.805273,0.7376909548519563
1332,Jacareí,20.020363,0.5861892700195312
1333,Jackson,19.28991,0.6040433511694445
1334,Jacksonville,21.793182,0.1526084508279446
1335,Jacobabad,28.37791,0.7339515686035156
1336,Jaffna,28.688818,0.9227447328113385
1337,Jagadhri,25.432001,1.3224105834960938
1338,Jahrom,23.76209,0.5934906005859375
1339,Jaipur,27.652363,1.3555025793426658
1340,Jakarta,27.299091,0.7556446707172775
1341,Jalalabad,16.472546,0.9870853424072266
1342,Jalandhar,25.506,0.8906767817905958
1343,Jalingo,27.75909,0.8151362040271515
1344,Jalna,26.571,0.9625368118286133
1345,Jalpaiguri,22.762636,0.6011447906494141
1346,Jamalpur,26.086826,0.7917194366455078
1347,Jamame,28.097637,0.7574710845947266
1348,Jambi,27.27591,0.747955322265625
1349,Jammu,16.427181,0.650710629054478
1350,Jamnagar,27.978182,1.3465347290039062
1351,Jamshedpur,26.83509,0.8368878454532265
1352,Jamuria,26.83509,0.8368878454532265
1353,Jandira,20.020363,0.5861892700195312
1354,Jaraguá Do Sul,20.960546,0.3565940856933594
1355,Jaramana,19.301455,0.15664826369867058
1356,Jaranwala,26.081182,0.8468742370605469
1357,Jaunpur,26.957182,0.9314079284667969
1358,Jember,26.859818,0.6904170528338973
1359,Jequié,23.495274,1.1119518280029297
1360,Jerez,18.552727,0.6566638946533203
1361,Jersey City,11.541272,0.8534103382676275
1362,Jerusalem,21.416273,0.3303206965253871
1363,Jetpur,27.978182,1.3465347290039062
1364,Jhang,26.858,0.9355220794677734
1365,Jhansi,27.06791,1.1096344362710404
1366,Jhelum,24.044273,0.6879757859490141
1367,Jhunjhunun,27.521273,1.325714111328125
1368,Ji Paraná,26.42818,0.9176311492919922
1369,Jiamusi,3.9893637,-0.09858226776123047
1370,Jian,19.287819,0.4092864990234375
1371,Jiangmen,23.186546,0.7864761352539062
1372,Jiangyin,17.209545,0.07167434692382812
1373,Jiangyou,18.160727,0.463285988145838
1374,Jiaohe,4.785091,0.1710977554321289
1375,Jiaojiang,18.303999,0.17313194274902344
1376,Jiaozhou,13.857454,0.2766914367675781
1377,Jiaozuo,15.350091,0.33214378356933594
1378,Jiaxing,17.209545,0.07167434692382812
1379,Jiayuguan,2.0360909,0.9883274690397663
1380,Jiazi,22.814363,0.6744842529296875
1381,Jibuti,29.879091,0.3170909881591797
1382,Jiddah,28.706,0.5882298110367401
1383,Jieshi,22.814363,0.6744842529296875
1384,Jieshou,16.651636,0.22222900390625
1385,Jilin,4.785091,0.1710977554321289
1386,Jimeta,27.75909,0.8151362040271515
1387,Jimma,20.599636,0.6005535125732422
1388,Jinan,14.942272,0.4647817611694336
1389,Jinchang,1.5066364,1.0042589549403493
1390,Jinchengjiang,20.894545,0.7956695556640625
1391,Jind,26.804728,1.2208658565174453
1392,Jingdezhen,17.448,0.1922740936279297
1393,Jinhua,17.249727,0.14849281311035156
1394,Jining,10.261044,1.3336710472798714
1395,Jinxi,10.538636,0.20301019836583833
1396,Jinzhou,10.538636,0.20301019836583833
1397,Jiroft,24.718819,0.4827311152503597
1398,Jishou,17.383818,0.12340164184570312
1399,Jishu,4.785091,0.1710977554321289
1400,Jiujiang,17.448,0.1922740936279297
1401,Jiupu,9.156091,0.20240306854248047
1402,Jiutai,7.1318183,0.21794073322276386
1403,Jiutepec,21.562819,0.3135134236196464
1404,Jixi,4.8628182,0.05476808547973633
1405,João Pessoa,25.971819,0.5477644402211119
1406,Jodhpur,28.531546,1.3556194305419922
1407,Joetsu,14.460636,0.6964607238769531
1408,Johannesburg,15.425091,0.7748527526855469
1409,Johor Bahru,27.332636,0.7408733367919922
1410,Joinville,20.960546,0.3565940856933594
1411,Joliet,12.959727,1.745633024539588
1412,Jolo,27.668272,0.8819723862868081
1413,Jombang,27.694908,0.8578928078815444
1414,Jos,25.744455,0.9534906716182299
1415,Juàzeiro,27.218636,1.0468521118164062
1416,Juarez,16.144728,-0.6358401367018907
1417,Juazeiro Do Norte,26.688545,1.0197145218072947
1418,Juba,26.547636,0.9830415396854804
1419,Juiz De Fora,20.107365,0.7670974731445312
1420,Jujuy,13.469909,0.475738525390625
1421,Juliaca,5.775091,1.0858842354071765
1422,Junagadh,27.978182,1.3465347290039062
1423,Jundiaí,20.020363,0.5861892700195312
1424,Kütahya,12.103363,-0.3079094995979137
1425,Kabankalan,28.149454,0.9095034056072002
1426,Kabul,16.472546,0.9870853424072266
1427,Kabwe,21.722273,1.0655956268310547
1428,Kadoma,19.059305,1.4006410294030545
1429,Kaduna,27.041273,0.9880025797876826
1430,Kahramanmaras,14.590273,-0.18471050262451172
1431,Kaifeng,16.159363,0.33065319061279297
1432,Kaili,16.69518,0.6543560028076172
1433,Kaithal,26.804728,1.2208658565174453
1434,Kaiyuan,18.248363,0.8799169713800588
1435,Kakamigahara,13.823363,0.8685522079467773
1436,Kakinada,28.418182,0.6431214105515259
1437,Kakogawa,16.313818,0.6314601898193359
1438,Kalemie,23.055635,0.8771438598632812
1439,Kaliningrad,7.185818,-0.672314737427909
1440,Kalisz,8.888,-0.21246996285780462
1441,Kallithéa,17.84191,-0.2584552764892578
1442,Kalmunai,28.574364,0.8454541251772909
1443,Kalol,28.755817,1.5787086486816406
1444,Kaluga,4.540727,-1.0491257519092203
1445,Kalyan,26.627636,1.17118148803711
1446,Kamagaya,14.45009,0.8499526977539062
1447,Kamakura,18.050364,0.7156314849853516
1448,Kamalia,26.081182,0.8468742370605469
1449,Kamarhati,27.569727,0.8359830154562893
1450,Kamensk Uralskiy,3.9678183,0.3150889626089133
1451,Kamoke,26.081182,0.8468742370605469
1452,Kampala,24.13009,0.9737834930419922
1453,Kamyshin,5.604364,-1.3478831831014384
1454,Kananga,24.92209,0.8833461065550097
1455,Kanchipuram,29.596455,0.8004434403919021
1456,Kanchrapara,27.569727,0.8359830154562893
1457,Kandi,28.196,1.0557994713654395
1458,Kandy,26.927273,0.8982770647321416
1459,Kankan,27.28809,0.9390175205886742
1460,Kano,27.50609,0.9089297195960739
1461,Kanpur,26.791908,1.0876579284667969
1462,Kansas City,14.83991,1.682055748048633
1463,Kansk,-0.29227293,-0.2825933115392769
1464,Kaohsiung,24.076637,0.5213832855224609
1465,Kaolack,28.776909,0.8963366830424881
1466,Kapra,27.91509,0.6680402301606669
1467,Karachi,27.644455,0.8539083138490327
1468,Karaj,14.865545,0.4758491818867032
1469,Karaman,11.078909,-0.3854703903198242
1470,Karamay,8.372455,0.22204085582278488
1471,Karang Tengah,26.557545,0.7396850950399028
1472,Karawang,27.299091,0.7556446707172775
1473,Karimnagar,28.496635,0.6486921128772565
1474,Kariya,16.544,0.7904108656934028
1475,Karlsruhe,9.917909,-0.002775213853368541
1476,Karnal,25.432001,1.3224105834960938
1477,Kashan,16.942,0.734170681721455
1478,Kashi,12.804909,0.5979213714599609
1479,Kashihara,16.544,0.7904108656934028
1480,Kashipur,19.33091,1.26519775390625
1481,Kashiwa,14.45009,0.8499526977539062
1482,Kassala,30.011091,0.6631500427037054
1483,Kassel,8.826091,-0.18566650894452863
1484,Kasuga,16.373545,0.5216197967529297
1485,Kasugai,16.544,0.7904108656934028
1486,Kasukabe,14.45009,0.8499526977539062
1487,Kasur,26.081182,0.8468742370605469
1488,Kathmandu,16.130636,0.6415777206420898
1489,Katihar,27.013092,0.7617282867431641
1490,Katowice,8.682909,-0.18577105504161828
1491,Katsina,28.760365,0.878769499680093
1492,Katumba,20.723272,0.7720397451649532
1493,Kaunas,6.597182,-0.6226486597421035
1494,Kawagoe,14.45009,0.8499526977539062
1495,Kawaguchi,14.45009,0.8499526977539062
1496,Kawanishi,16.544,0.7904108656934028
1497,Kawasaki,14.45009,0.8499526977539062
1498,Kayseri,9.711364,-0.26395606994628906
1499,Kazan,4.442727,-0.39207860928661376
1500,Kebumen,26.858454,0.8122790755739651
1501,Kecskemét,10.930546,0.0563643671431624
1502,Kediri,27.694908,0.8578928078815444
1503,Kedungwuni,26.858454,0.8122790755739651
1504,Keelung,23.305363,0.5755100250244141
1505,Kelowna,6.5046363,1.629842758178711
1506,Kemang,26.557545,0.7396850950399028
1507,Kemerovo,1.7593637,-0.057781915513344995
1508,Kendari,27.681545,0.9663906097412109
1509,Kenitra,18.820272,0.8773689270019531
1510,Kerch,10.268545,-1.2700652500368506
1511,Kerman,16.692636,0.47944485573541584
1512,Kermanshah,15.947727,0.9604940414428711
1513,Khabarovsk,1.8572727,-0.3071063756942749
1514,Khairpur,28.37791,0.7339515686035156
1515,Khammam,28.640545,0.6284819466727107
1516,Khandwa,27.282272,0.8691595622471411
1517,Khanewal,27.604546,0.9411163330078125
1518,Khanna,25.506,0.8906767817905958
1519,Khanpur,28.079273,0.8859596252441406
1520,Kharagpur,27.580091,0.7535387345080089
1521,Khardaha,27.569727,0.8359830154562893
1522,Khartoum,30.412273,0.7451000342497949
1523,Kherson,8.828182,-1.2162788984910495
1524,Khimki,4.430182,-0.8354430729488156
1525,Khlong Luang,28.047909,0.6811342390756749
1526,Khomeynishahr,12.955,0.7179756164550781
1527,Khon Kaen,26.726364,0.6309939995013849
1528,Khorramabad,18.135092,0.7695412349179804
1529,Khorramshahr,27.049454,0.8832527116544
1530,Khoy,10.504818,0.48956021564762686
1531,Khujand,11.915273,0.2880363464355469
1532,Khulna,27.055,0.8990025520324707
1533,Khurja,27.544273,1.3789291381835938
1534,Khushab,25.118546,0.9033657031112838
1535,Khuzdar,21.620274,0.5866317749023438
1536,Kiel,8.706818,-0.41847714478114817
1537,Kielce,8.334455,-0.24149893364816322
1538,Kiev,7.0953636,-1.1661305243114253
1539,Kigali,20.019182,0.9415938541806987
1540,Kigoma,21.705545,0.8894233703613281
1541,Kikwit,25.10309,0.8184863051323035
1542,Killeen,19.376364,-0.14641380310058594
1543,Kimberley,17.998636,0.97772216796875
1544,Kindia,25.228909,0.727112533180577
1545,Kindu,24.038637,0.911391153727493
1546,Kingston,18.661043,4.0080311525542776
1547,Kingston Upon Hull,9.105818,-0.03917302365572972
1548,Kinshasa,24.544727,0.7223566133682056
1549,Kirkuk,20.794,0.5377897722967724
1550,Kirov,3.2573636,0.06516496347931211
1551,Kirovohrad,7.3586364,-1.216193953100241
1552,Kiryu,14.45009,0.8499526977539062
1553,Kisangani,25.714182,0.8177919257177066
1554,Kisaran,24.940454,0.7662620544433594
1555,Kisarazu,18.050364,0.7156314849853516
1556,Kishi,27.675909,1.016211371586241
1557,Kishiwada,16.544,0.7904108656934028
1558,Kislovodsk,8.078909,-0.4910612106323242
1559,Kismayo,27.484455,0.6820869445800781
1560,Kisumu,22.18909,0.8939113616943359
1561,Kitakyushu,16.403091,0.49611568450927734
1562,Kitami,6.771909,0.3200531005859375
1563,Kitchener,8.689,1.666540306019333
1564,Kitwe,21.54409,0.9940910339355469
1565,Klaipeda,7.185818,-0.672314737427909
1566,Klang,27.364727,0.7582073211669922
1567,Klaten,27.063364,0.8592734853173525
1568,Klerksdorp,17.27309,0.8787002563476562
1569,Kluang,26.89109,0.7266750335693359
1570,Knoxville,14.727727,0.8090767552190865
1571,Kobe,16.313818,0.6314601898193359
1572,Koblenz,9.496091,-0.10557240720065053
1573,Kochi,27.876364,1.0490775658534126
1574,Kodaira,14.45009,0.8499526977539062
1575,Koganei,14.45009,0.8499526977539062
1576,Kohat,25.118546,0.9033657031112838
1577,Koidu,25.722637,0.9088437511662768
1578,Kokubunji,14.45009,0.8499526977539062
1579,Kolar,27.28,0.8280779974801185
1580,Kolhapur,26.769728,0.9554667972383051
1581,Kollam,27.315454,0.9855340352425195
1582,Kolomna,4.738727,-0.7379581937250101
1583,Kolpino,4.1497273,-0.80101659005543
1584,Komaki,16.544,0.7904108656934028
1585,Komatsu,13.823363,0.8685522079467773
1586,Komsomolsk Na Amure,-0.5897272,-0.37104153633117676
1587,Konan,13.823363,0.8685522079467773
1588,Konya,11.078909,-0.3854703903198242
1589,Korba,27.205454,0.6101741154988609
1590,Korhogo,27.303818,1.023966361314823
1591,Koriyama,13.146909,0.6362848281860352
1592,Korla,13.639091,0.5896892291243354
1593,Koronadal,27.860727,0.9635982513427734
1594,Koshigaya,14.45009,0.8499526977539062
1595,Kosice,8.574909,-0.027913510124639274
1596,Kostroma,3.8826363,-0.5558769810874509
1597,Koszalin,8.436818,-0.35988222608026454
1598,Kot Addu,25.548273,0.9155807495117188
1599,Kota,28.214546,1.240081787109375
1600,Kota Bahru,26.06409,0.6970024108886719
1601,Kota Kinabalu,25.729092,0.7284250200164983
1602,Kotte,26.927273,0.8982770647321416
1603,Kousséri,29.195637,0.7929048077813512
1604,Kovrov,4.352909,-0.38086607591161226
1605,Kpalimé,27.412546,1.0502210565515462
1606,Kragujevac,11.534182,0.4145680427551266
1607,Krasnodar,10.703,-1.185032875133011
1608,Krasnoyarsk,-0.28718185,-0.3101662135784939
1609,Krefeld,9.496091,-0.10557240720065053
1610,Kremenchuk,7.356364,-1.488724891644603
1611,Kresek,27.299091,0.7556446707172775
1612,Krishnanagar,27.569727,0.8359830154562893
1613,Kroonstad,17.513908,0.8805122375488281
1614,Krugersdorp,15.425091,0.7748527526855469
1615,Kryvyy Rih,8.535818,-1.464430655173535
1616,Kuala Lumpur,27.364727,0.7582073211669922
1617,Kuala Terengganu,27.196455,0.7273635864257812
1618,Kuantan,27.151,0.7118377685546875
1619,Kuching,26.717274,0.7234015348480973
1620,Kuhdasht,23.18791,0.8243588432271203
1621,Kuito,20.126728,0.9157928310028502
1622,Kulim,27.956455,0.6974029541015625
1623,Kulti,26.83509,0.8368878454532265
1624,Kumagaya,14.45009,0.8499526977539062
1625,Kumanovo,11.099363,0.457100531740009
1626,Kumasi,27.704636,1.0761146161380246
1627,Kumba,26.120636,0.6614362899571233
1628,Kumbakonam,29.216272,0.9399184544881187
1629,Kunming,15.879545,0.7632852901111953
1630,Kupang,27.780819,0.8631782531738281
1631,Kurashiki,16.313818,0.6314601898193359
1632,Kure,16.567364,0.5571079254150391
1633,Kurgan,3.365909,0.3299034606702258
1634,Kursk,4.9716363,-1.2907308911377529
1635,Kurume,16.373545,0.5216197967529297
1636,Kusatsu,16.544,0.7904108656934028
1637,Kusti,29.809637,0.7587520247655561
1638,Kuwana,16.544,0.7904108656934028
1639,Kuytun,5.1683636,0.2660920879383779
1640,Kwekwe,21.23109,1.1951751708984375
1641,Kyzyl,-3.5397272,0.3787810740693245
1642,Lárisa,16.229364,-0.07610484429125464
1643,López Mateos,16.10009,0.06128120422363281
1644,Lübeck,8.706818,-0.41847714478114817
1645,La Ceiba,24.840092,0.6056576903148354
1646,La Paz,17.649088,0.3648872375488281
1647,La Plata,16.520727,0.49530792236328125
1648,La Rioja,19.131273,0.5203227996826172
1649,La Romana,27.00309,0.8640060424804688
1650,La Serena,15.313,1.0770845413208008
1651,La Vega,25.851091,0.7058424822149441
1652,Lafayette,20.949364,0.08873367309570312
1653,Lafia,26.51209,0.9055001357506072
1654,Lafiagi,28.186,0.9775692380707852
1655,Lages,17.661818,0.2997760772705078
1656,Lagos,27.534727,0.9405092935304395
1657,Lahad Datu,27.273363,0.7862079548385914
1658,Lahore,26.081182,0.8468742370605469
1659,Laiwu,14.942272,0.4647817611694336
1660,Laiyang,13.478363,0.13558578491210938
1661,Lakewood,10.331909,0.4778704151664819
1662,Lakhimpur,25.546,1.133206037011476
1663,Lakhnau,26.791908,1.0876579284667969
1664,Lalitpur,20.919086,0.8242676684245964
1665,Lambaré,22.298363,0.06103706359863281
1666,Lampang,26.012182,0.5474956451900432
1667,Lancaster,16.834183,0.3165264129638672
1668,Langfang,13.8143635,0.47180108229319195
1669,Lansing,11.474818,1.7992988464967254
1670,Lanzhou,8.058545,0.8929382001281416
1671,Laoag,27.654545,0.7605547030296549
1672,Laohekou,15.856273,0.07689762115478516
1673,Lapu Lapu,28.149454,0.9095034056072002
1674,Laredo,22.277819,-0.4511451721191406
1675,Larkana,28.37791,0.7339515686035156
1676,Las Palmas,21.594545,1.2551829826104246
1677,Las Tunas,26.380363,0.5402889251708984
1678,Las Vegas,18.606182,0.12711668014526367
1679,Lasa,0.4103636,0.4695370729070067
1680,Lashio,24.799091,0.6017688791802591
1681,Latina,17.156727,0.5358833816816215
1682,Latur,27.389362,0.749633779979888
1683,Lausanne,10.003364,0.5662673068496424
1684,Lawang,27.694908,0.8578928078815444
1685,León,19.225685,3.1184884845085854
1686,Le Havre,10.926182,0.0910135179195759
1687,Le Mans,11.805819,0.25700838340903154
1688,Leeds,9.105818,-0.03917302365572972
1689,Leganés,13.230273,1.0305365346512705
1690,Legaspi,27.808363,0.9240461313946646
1691,Leghorn,13.333636,0.5145686689412816
1692,Legnica,8.19,-0.08543311065098003
1693,Leicester,10.031818,-0.01561733821652922
1694,Leiden,9.7219095,-0.119594798897797
1695,Leipzig,8.132909,-0.31594273639175086
1696,Leiyang,18.523636,0.359283447265625
1697,Lembang,25.56409,0.7657557444967296
1698,Lemesos,19.694818,-0.024682998657226562
1699,Lengshuijiang,17.886726,0.16039466857910156
1700,Leninsk Kuznetskiy,2.4781818,-0.09588693576464369
1701,Leshan,15.727454,0.6415154295540901
1702,Leuwiliang,26.557545,0.7396850950399028
1703,Leverkusen,9.496091,-0.10557240720065053
1704,Lexington Fayette,15.280727,1.1640336758283603
1705,Liège,9.496091,-0.10557240720065053
1706,Liancheng,24.10009,0.9134788513183594
1707,Lianran,15.879545,0.7632852901111953
1708,Liaocheng,15.382999,0.47229576110839844
1709,Liaoyang,9.156091,0.20240306854248047
1710,Libreville,26.508545,0.578079275888939
1711,Licheng,23.031908,0.8122787475585938
1712,Lichinga,22.248182,0.941423471826706
1713,Likasi,22.174364,0.9608726501464844
1714,Lille,10.564,-0.03663238129525759
1715,Lilongwe,20.914364,1.0351943969726562
1716,Lima,17.752182,1.275979995727539
1717,Limeira,22.121454,0.5836772918701172
1718,Limoges,11.668909,0.42412396916803274
1719,Linchuan,18.856182,0.2302684783935547
1720,Lincoln,13.348727,1.8284720245672723
1721,Linfen,12.711545,0.6576000380385771
1722,Linhai,18.303999,0.17313194274902344
1723,Linhares,24.676455,1.0335884094238281
1724,Linqing,15.382999,0.47229576110839844
1725,Linshui,12.056182,0.491556264041515
1726,Linxi,12.620636,0.3225768456856404
1727,Linxia,8.058545,0.8929382001281416
1728,Linz,7.8499093,-0.04892064130531182
1729,Lipa,27.541273,0.9742869856935101
1730,Lipetsk,5.0587273,-1.2910402252988993
1731,Lira,25.259727,0.9370918273925781
1732,Lisbon,17.146454,1.0127449035644531
1733,Little Rock,18.378,0.9250315364005637
1734,Liusha,22.814363,0.6744842529296875
1735,Liuzhou,20.229181,0.6344757080078125
1736,Liverpool,9.647454,-0.07522376798233843
1737,Livingstone,23.969727,1.3829879760742188
1738,Ljubljana,10.724455,0.2706698741552973
1739,Lleida,16.148455,0.8811587819513278
1740,Loa Janan,27.430273,0.88674755460897
1741,Lobito,23.855455,0.8103232710328818
1742,Logroño,13.356182,0.9882863188689601
1743,Loja,21.196545,1.0791568756103516
1744,London,9.832826,0.6096177836109824
1745,Londrina,21.609818,0.15996551513671875
1746,Long Beach,16.490454,0.08950042724609375
1747,Long Xuyên,28.362364,0.7749876342067843
1748,Longfeng,5.758182,0.016859974885851337
1749,Longjiang,4.6926365,-0.25658094821198585
1750,Longjing,4.718364,0.28075456619262695
1751,Longyan,21.139454,0.5404376983642578
1752,Loni,27.544273,1.3789291381835938
1753,Los Angeles,14.691479,0.48970603942871094
1754,Los Mochis,25.78009,0.3305443464006679
1755,Los Reyes,16.10009,0.06128120422363281
1756,Los Teques,26.198454,1.1330413818359375
1757,Loudi,17.886726,0.16039466857910156
1758,Louga,28.807272,1.0490970368597914
1759,Louisville,15.280727,1.1640336649499456
1760,Loum,23.885273,0.736814093916383
1761,Lowell,9.258454,0.692040096897589
1762,Lower Hutt,12.873818,0.5527381896972656
1763,Luan,16.953182,0.15504837036132812
1764,Luancheng,13.632182,0.6273662257568997
1765,Luanda,24.382273,0.8100922075036436
1766,Luanshya,21.722273,1.0655956268310547
1767,Lubango,22.288092,0.8987686814932978
1768,Lubbock,16.264545,-0.46368700235001015
1769,Lublin,8.334455,-0.24149893364816322
1770,Lubumbashi,21.54409,0.9940910339355469
1771,Lucena,27.541273,0.9742869856935101
1772,Luchou,22.21,0.45516204833984375
1773,Ludhiana,25.506,0.8906767817905958
1774,Ludwigshafen,9.917909,-0.002775213853368541
1775,Lumajang,25.958181,0.7601000791901988
1776,Luohe,16.027454,0.12407302856445312
1777,Luoyang,18.417826,0.6423988342285156
1778,Luqiao,18.303999,0.17313194274902344
1779,Luque,22.423637,0.019727706909179688
1780,Lusaka,21.47009,1.1687984466552734
1781,Luton,10.031818,-0.01561733821652922
1782,Luxor,24.237818,0.17430297894911462
1783,Luzhou,18.904272,0.4719447776919523
1784,Luziânia,23.07791,0.8793048858642578
1785,Lvov,7.9904547,-0.31261139725739184
1786,Lyon,10.003364,0.5662673068496424
1787,Lyubertsy,4.430182,-0.8354430729488156
1788,Málaga,18.479364,0.8499717712402344
1789,Médéa,18.970182,1.2726421356201172
1790,Mérida,25.652454,0.21089553833007812
1791,Móstoles,13.230273,1.0305365346512705
1792,Mönchengladbach,9.496091,-0.10557240720065053
1793,Mülheim,9.496091,-0.10557240720065053
1794,Münster,9.560091,-0.19488776045025524
1795,Maanshan,16.862545,0.06154823303222656
1796,Maastricht,9.496091,-0.10557240720065053
1797,Maba,20.333637,0.5808162689208984
1798,Mabalacat,27.611454,1.0038986206054688
1799,Macaé,21.547817,0.8698081970214844
1800,Macapá,27.416546,0.970131347919331
1801,Maceió,25.79991,0.8418102264404297
1802,Machala,21.196545,1.0791568756103516
1803,Macheng,17.402363,0.16820526123046875
1804,Machida,14.45009,0.8499526977539062
1805,Machilipatnam,29.331455,0.716903604779926
1806,Madanapalle,27.28,0.8280779974801185
1807,Madhyamgram,27.569727,0.8359830154562893
1808,Madison,11.533363,2.1137595151955235
1809,Madiun,27.063364,0.8592734853173525
1810,Madras,29.596455,0.8004434403919021
1811,Madrid,13.230273,1.0305365346512705
1812,Madurai,26.571363,1.0495428902762285
1813,Magé,24.336363,0.7138214111328125
1814,Magangué,28.724817,0.9165019989013672
1815,Magdeburg,8.904454,-0.34642165561892035
1816,Magelang,26.858454,0.8122790755739651
1817,Magnitogorsk,2.1245456,0.04477235821845982
1818,Mahabad,14.99791,0.9120194612435952
1819,Mahajanga,27.033,0.5956894023306418
1820,Mahbubnagar,27.91509,0.6680402301606669
1821,Mahesana,28.755817,1.5787086486816406
1822,Maicao,29.159546,0.9144515991210938
1823,Maiduguri,29.316364,0.8116073739939722
1824,Mainz,8.826091,-0.18566650894452863
1825,Maisuru,26.031727,0.9787020547049394
1826,Majalaya,25.56409,0.7657557444967296
1827,Makasar,27.53109,0.9898567199707031
1828,Makati,27.611454,1.0038986206054688
1829,Makhachkala,11.366182,-0.1528425127960915
1830,Makiyivka,8.685545,-1.516489271847707
1831,Makurdi,28.074455,0.8557272741239359
1832,Malabo,26.120636,0.6614362899571233
1833,Malakal,28.305454,0.9372592005236413
1834,Malambo,27.661818,0.9287872314453125
1835,Malang,27.694908,0.8578928078815444
1836,Malatya,17.039637,0.0428176998521721
1837,Malegaon,26.571,0.9625368118286133
1838,Maler Kotla,26.804728,1.2208658565174453
1839,Malmö,7.464182,-0.7608405095226356
1840,Malolos,27.611454,1.0038986206054688
1841,Man,25.790272,1.0645843068505556
1842,Manado,27.055908,0.9973705936880677
1843,Managua,27.75209,1.2726657822815284
1844,Manama,27.544182,0.7237894989195333
1845,Manaus,27.568274,1.0424555964853575
1846,Manbij,18.529272,0.03462710357518617
1847,Manchester,8.5141735,0.3232365582222325
1848,Mandalay,27.85209,0.6969154499195227
1849,Mandaue,28.149454,0.9095034056072002
1850,Mandi Bahauddin,24.044273,0.6879757859490141
1851,Mandsaur,27.252,1.3823485280953207
1852,Mandya,26.031727,0.9787020547049394
1853,Mangaluru,26.328728,0.9128965105329243
1854,Manila,27.611454,1.0038986206054688
1855,Manisa,16.019363,-0.3114652416922823
1856,Manizales,19.947908,0.9870775211492244
1857,Mannheim,9.917909,-0.002775213853368541
1858,Manta,25.219181,1.0582388835166832
1859,Manzanillo,26.975565,0.5376434326171875
1860,Manzini,21.659273,0.8055171966552734
1861,Maoming,24.007,0.8455753326416016
1862,Maputo,21.659273,0.8055171966552734
1863,Marília,22.799726,0.3999176025390625
1864,Mar Del Plata,15.185819,0.5057086944580078
1865,Marabá,27.871546,1.0035397665841224
1866,Maracaibo,28.454908,1.029205322265625
1867,Maracanaú,27.642727,0.7346387669660039
1868,Maracay,27.151,1.3065147399902344
1869,Maradi,28.760365,0.878769499680093
1870,Maragheh,11.225454,0.5714056164610621
1871,Marand,11.033182,0.26116056209657224
1872,Marawi,27.36309,0.9386844635009766
1873,Marbella,18.479364,0.8499717712402344
1874,Mardan,20.150637,0.7797336578369141
1875,Mariara,27.151,1.3065147399902344
1876,Maringá,21.609818,0.15996551513671875
1877,Marivan,14.99791,0.9120194612435952
1878,Maroua,28.343727,0.8306495271880046
1879,Marrakesh,19.430454,1.1595984372225665
1880,Marseille,16.507818,0.6677487247395071
1881,Martapura,27.432728,0.8820676378383752
1882,Marv Dasht,16.975273,0.6595545763160757
1883,Masaya,27.75209,1.2726657822815284
1884,Maseru,14.306091,0.809269905090332
1885,Mashhad,14.534545,0.8109188079833984
1886,Masjed E Soleyman,26.544909,0.8282203674316406
1887,Matadi,25.222,0.7150032879555077
1888,Matamoros,23.147728,-0.020231246948242188
1889,Matanzas,25.425272,0.5066699981689453
1890,Mataró,17.463,0.7564319538620268
1891,Mataram,26.84891,0.7392959594726562
1892,Mathura,27.544273,1.3789291381835938
1893,Matola,21.659273,0.8055171966552734
1894,Matsubara,16.544,0.7904108656934028
1895,Matsudo,14.45009,0.8499526977539062
1896,Matsumoto,13.823363,0.8685522079467773
1897,Matsusaka,16.544,0.7904108656934028
1898,Maturín,27.244183,1.140878677368164
1899,Mau,26.372726,0.7577877044677734
1900,Mauá,20.020363,0.5861892700195312
1901,Mawlamyine,27.407454,0.6274424498935929
1902,Maxixe,24.748001,0.8650646209716797
1903,Maykop,10.067182,-0.6407439038157463
1904,Maymyo,27.85209,0.6969154499195227
1905,Mazatlán,21.180182,0.10517692565917969
1906,Mazyr,6.756727,-0.7998945211464505
1907,Mbandaka,25.72009,0.7282190322875977
1908,Mbeya,20.723272,0.7720397451649532
1909,Mbouda,23.885273,0.736814093916383
1910,Mbour,26.498,1.0508303429670391
1911,Mbuji Mayi,25.342455,0.8812621913544127
1912,Mecca,27.076,0.7314088127829805
1913,Medan,27.428183,0.8174228668212891
1914,Medellín,19.947908,0.9870775211492244
1915,Meiktila,27.988182,0.7125976220616757
1916,Meilu,24.10009,0.9134788513183594
1917,Mejicanos,26.423182,0.9521389007568359
1918,Melaka,27.364727,0.7582073211669922
1919,Melbourne,13.143182,0.2661705017089844
1920,Memphis,18.034454,0.9463506778383426
1921,Mendoza,16.941181,0.4535045623779297
1922,Mentougou,13.8143635,0.47180108229319195
1923,Mercedes,17.438272,0.3542613983154297
1924,Mergui,27.201546,0.7374420367851471
1925,Mersin,18.113544,-0.21225929260253906
1926,Mesa,22.168272,0.158233642578125
1927,Mesquite,19.33909,0.2226409912109375
1928,Messina,18.04709,0.5626690342741192
1929,Metairie,21.14009,0.05229138176222392
1930,Metepec,21.562819,0.3135134236196464
1931,Metro,26.635454,0.7267678740677574
1932,Metz,9.917909,-0.002775213853368541
1933,Mexicali,20.306273,0.09245491027832031
1934,Mexico,16.10009,0.06128120422363281
1935,Meycauayan,27.611454,1.0038986206054688
1936,Mezhdurechensk,0.13790917,-0.03631655705086598
1937,Miami,23.900091,0.3309692939122506
1938,Miandoab,14.99791,0.9120194612435952
1939,Mianyang,18.160727,0.463285988145838
1940,Miass,3.127091,0.2970381465069085
1941,Middelburg,15.425091,0.7748527526855469
1942,Middlesbrough,9.105818,-0.03917302365572972
1943,Midrand,15.425091,0.7748527526855469
1944,Milagro,22.256092,1.0510673522949219
1945,Milan,8.185182,0.5184200628748483
1946,Milwaukee,13.031091,1.9668193331304593
1947,Minatitlán,25.640272,0.128326416015625
1948,Mingaora,20.150637,0.7797336578369141
1949,Mingshui,14.942272,0.4647817611694336
1950,Minna,27.152819,0.9551381735966125
1951,Minneapolis,9.664818,3.100632936549636
1952,Minsk,5.723364,-0.8247718150323289
1953,Miramar,23.900091,0.3309692939122506
1954,Miri,27.151272,0.6809652258710166
1955,Mirpur Khas,28.620728,1.1354389190673828
1956,Mirzapur,27.006454,0.7597370147705078
1957,Misato,14.45009,0.8499526977539062
1958,Mishima,17.484728,0.8064002990722656
1959,Miskolc,10.930546,0.05636436354439134
1960,Misratah,20.902819,0.5560302734375
1961,Mitaka,14.45009,0.8499526977539062
1962,Mixco,20.10309,0.7103044615851495
1963,Miyakonojo,19.21991,0.5464649200439453
1964,Mobile,19.397364,0.17803773049002203
1965,Modakeke,27.280546,0.9657905447072004
1966,Modena,13.333636,0.5145686689412816
1967,Modesto,13.717091,0.6120719909667969
1968,Moers,9.496091,-0.10557240720065053
1969,Moga,25.506,0.8906767817905958
1970,Mogadishu,27.729092,0.5239849090576172
1971,Moji Das Cruzes,20.020363,0.5861892700195312
1972,Mojokerto,27.694908,0.8578928078815444
1973,Mokolo,28.343727,0.8306495271880046
1974,Mombasa,26.460363,0.7526756085847559
1975,Monclova,20.038364,-0.8995240701211458
1976,Monrovia,26.647728,0.9450607299804688
1977,Montalban,27.611454,1.0038986206054688
1978,Montería,28.724817,0.9165019989013672
1979,Monterrey,22.059818,-0.7640380859375
1980,Montes Claros,23.020454,1.1099815368652344
1981,Montevideo,16.18909,0.5837001800537109
1982,Montgomery,18.61609,0.6111379268051564
1983,Montpellier,12.803909,0.6390260858355834
1984,Montreal,6.9541817,1.0182309726499161
1985,Monywa,25.969364,0.7251705583536392
1986,Monza,10.727727,0.40998991480413416
1987,Mopti,30.715635,1.3322920222191286
1988,Moradabad,27.044546,1.2998161315917969
1989,Moratuwa,26.927273,0.8982770647321416
1990,Morelia,17.575909,0.005512237548828125
1991,Morena,27.432909,1.2430367095797656
1992,Moreno Valley,18.013,0.08055877685546875
1993,Moriguchi,16.544,0.7904108600503594
1994,Mormugao,26.79391,0.8834845043364012
1995,Morogoro,25.473,0.7589826942386466
1996,Morvi,28.764545,1.5010757446289062
1997,Moscow,4.430182,-0.8354430729488156
1998,Moshi,24.010181,0.8146735169833761
1999,Mossoró,28.752546,0.6277729152709028
2000,Mostar,16.956182,0.3008497238159187
2001,Motihari,26.372726,0.7577877044677734
2002,Moundou,27.845728,0.7623131111876589
2003,Mubi,28.343727,0.8306495271880046
2004,Mudanjiang,4.512273,0.14599609375
2005,Mufulira,21.54409,0.9940910339355469
2006,Mulhouse,8.020546,0.3461666611005674
2007,Multan,27.604546,0.9411163330078125
2008,Munger,27.013092,0.7617282867431641
2009,Munich,5.863818,0.34057590871486987
2010,Murcia,17.196909,0.9845914331101291
2011,Muridke,26.081182,0.8468742370605469
2012,Murmansk,-1.1555455,-0.48519585186721015
2013,Murom,4.651273,-0.586635352080723
2014,Murwara,25.718819,0.676418576921737
2015,Musashino,14.45009,0.8499526977539062
2016,Musoma,22.18909,0.8939113616943359
2017,Mutare,19.489546,1.1590385437011719
2018,Muzaffargarh,27.604546,0.9411163330078125
2019,Muzaffarnagar,25.432001,1.3224105834960938
2020,Muzaffarpur,25.078728,0.6345653533935547
2021,Mwanza,23.769909,0.8283805847167969
2022,Mwene Ditu,24.860817,0.9007836433306124
2023,My Tho,28.362364,0.7749876342067843
2024,Myingyan,27.85209,0.6969154499195227
2025,Mytishchi,4.430182,-0.8354430729488156
2026,Nîmes,12.803909,0.6390260858355834
2027,Nacala,26.337,0.752674525216122
2028,Nadiad,28.755817,1.5787086486816406
2029,Nador,18.258728,0.9615402221679688
2030,Naga,27.808363,0.9240461313946646
2031,Nagaoka,14.460636,0.6964607238769531
2032,Nagareyama,14.45009,0.8499526977539062
2033,Nagda,26.725182,1.152071580432711
2034,Nagercoil,27.315454,0.9855340352425195
2035,Nagoya,16.544,0.7904108656934028
2036,Nagpur,26.941,0.6884518941243485
2037,Naihati,27.569727,0.8359830154562893
2038,Nairobi,17.139818,1.1189079284667969
2039,Najran,26.92791,0.43708229064941406
2040,Nakhodka,7.1075454,0.12933683395385742
2041,Nakhon Pathom,28.047909,0.6811342390756749
2042,Nakhon Ratchasima,27.683,0.684472159733847
2043,Nakhon Si Thammarat,27.635546,0.8221038267574201
2044,Nakuru,17.139818,1.1189079284667969
2045,Nalchik,6.8070908,-0.20854259313539014
2046,Nalgonda,27.91509,0.6680402301606669
2047,Nam Dinh,24.818,0.9307159798682783
2048,Namangan,12.041909,0.28310394287109375
2049,Nampula,24.987637,0.8207372507654647
2050,Namur,10.564,-0.03663238129525759
2051,Nancha,2.4631815,-0.13423317732588602
2052,Nanchang,18.856182,0.2302684783935547
2053,Nanchong,18.160727,0.463285988145838
2054,Nancy,9.917909,-0.002775213853368541
2055,Nanded,27.960728,0.681410535176596
2056,Nandurbar,28.244,1.3348092578706279
2057,Nandyal,29.093454,0.7639483588082463
2058,Nangloi Jat,27.544273,1.3789291381835938
2059,Nanjing,16.862545,0.06154823303222656
2060,Nanning,23.053091,0.9058513641357422
2061,Nanpiao,10.538636,0.20301019836583833
2062,Nantes,12.123728,0.19947669730996154
2063,Nantong,17.209545,0.07167434692382812
2064,Nantou,22.586454,0.6702632904052734
2065,Nanyang,15.856273,0.07689762115478516
2066,Naperville,12.959727,1.745633024539588
2067,Naples,15.352546,0.41462425016007387
2068,Narashino,14.45009,0.8499526977539062
2069,Narayanganj,27.055,0.8990025520324707
2070,Narita,15.508454,0.7130308151245117
2071,Narsingdi,27.055,0.8990025520324707
2072,Nashville,16.448364,1.1130275327443169
2073,Nassau,25.638454,0.49594887665339726
2074,Natal,26.232908,0.5246774418147524
2075,Naucalpan,16.10009,0.06128120422363281
2076,Navadwip,27.569727,0.8359830154562893
2077,Navoi,16.27891,0.26190948486328125
2078,Navsari,26.627636,1.17118148803711
2079,Nawabganj,26.744637,0.7989826202392578
2080,Nawabshah,28.092728,0.8325968994491397
2081,Nazilli,15.702364,-0.23722362518310547
2082,Nazran,10.793364,-0.5001918368869358
2083,Nazret,21.689817,0.7146816253662109
2084,Ndola,21.722273,1.0655956268310547
2085,Neftekamsk,3.6285455,-0.06640421890940518
2086,Nefteyugansk,-1.3861818,0.3924875259399414
2087,Negombo,26.927273,0.8982770647321416
2088,Nehe,1.3724545,-0.5200838062892923
2089,Neijiang,18.904272,0.4719447776919523
2090,Neiva,25.742363,0.9819038185530786
2091,Nelspruit,16.996637,0.8380851745605469
2092,Netanya,19.301455,0.15664826369867058
2093,Neuquen,12.332727,0.7641687393188477
2094,Neuss,9.496091,-0.10557240720065053
2095,Nevinnomyssk,8.078909,-0.4910612106323242
2096,New Delhi,27.544273,1.3789291381835938
2097,New Haven,11.665,0.6733024800231693
2098,New Orleans,21.14009,0.05229138176222392
2099,New York,11.541272,0.8534103382676275
2100,Newark,11.541272,0.8534103382676275
2101,Newcastle,17.24161,0.4794921875
2102,Newcastle Upon Tyne,8.020818,-0.11847969630979094
2103,Newport,9.553909,0.005610413821237614
2104,Newport News,15.301637,0.587467304200727
2105,Neyagawa,16.544,0.7904108656934028
2106,Neyshabur,14.534545,0.8109188079833984
2107,Neyveli,28.450636,0.8771520705450158
2108,Nezahualcóyotl,16.10009,0.06128120422363281
2109,Ngaoundéré,23.056364,0.7118399241199249
2110,Nguru,29.272455,0.8555142369763615
2111,Nha Trang,24.765728,0.8389914628398216
2112,Niamey,30.515728,0.9791748201524904
2113,Nice,10.491454,0.6351744417874325
2114,Nicolás Romero,16.10009,0.06128120422363281
2115,Nigel,15.425091,0.7748527526855469
2116,Niigata,14.460636,0.6964607238769531
2117,Niihama,16.313818,0.6314601898193359
2118,Niiza,14.45009,0.8499526977539062
2119,Nijmegen,9.7219095,-0.11959480969411018
2120,Nilópolis,24.336363,0.7138214111328125
2121,Ningbo,17.404999,0.12189292907714844
2122,Nis,11.099363,0.457100531740009
2123,Nishinomiya,16.544,0.7904108656934028
2124,Nishio,16.544,0.7904108656934028
2125,Niterói,24.336363,0.7138214111328125
2126,Nizamabad,27.960728,0.681410535176596
2127,Nizhnekamsk,3.9835453,-0.3016246647889167
2128,Nizhnevartovsk,-0.43918195,0.08388118795938226
2129,Nizhniy Novgorod,4.352909,-0.38086607591161226
2130,Nizhniy Tagil,3.1874545,0.5299468994140626
2131,Nkongsamba,23.885273,0.736814093916383
2132,Nkpor,27.44309,0.835776485808907
2133,Nnewi,27.44309,0.835776485808907
2134,Nobeoka,16.373545,0.5216197967529297
2135,Noda,14.45009,0.8499526977539062
2136,Nogales,18.387363,-0.11114883422851562
2137,Noginsk,4.738727,-0.7379581937250101
2138,Nonthaburi,28.047909,0.6811342390756749
2139,Norfolk,16.673454,0.15120642266799322
2140,Norilsk,-10.503364,-0.354131668960493
2141,Norman,17.910637,0.2522308801867297
2142,North Las Vegas,18.606182,0.12711668014526367
2143,North Shore,15.325545,0.3865365982055664
2144,Northampton,10.031818,-0.01561733821652922
2145,Norwalk,16.834183,0.3165264129638672
2146,Norwich,10.031818,-0.01561733821652922
2147,Nossa Senhora Do Socorro,26.196363,0.9877471923828125
2148,Nottingham,9.105818,-0.03917302365572972
2149,Nouakchott,29.151001,1.5970745086669922
2150,Nova Friburgo,21.547817,0.8698081970214844
2151,Nova Iguaçu,24.336363,0.7138214111328125
2152,Novara,8.185182,0.5184200628748483
2153,Novi Sad,11.823545,0.12676785846926109
2154,Novo Hamburgo,17.986454,0.2819194793701172
2155,Novocheboksarsk,4.442727,-0.39207860928661376
2156,Novocherkassk,8.685545,-1.516489271847707
2157,Novokuznetsk,2.4781818,-0.09588693823530248
2158,Novomoskovsk,4.686,-0.9746353455309595
2159,Novorossiysk,12.9983635,-0.7892279896899321
2160,Novosibirsk,1.7042727,0.05269158482937608
2161,Novotroitsk,4.644727,-0.22888942372124177
2162,Nsukka,27.726,0.907131064428043
2163,Nueva San Salvador,26.423182,0.9521389007568359
2164,Nuevo Laredo,22.277819,-0.4511451721191406
2165,Nukus,12.473909,-0.1883765358236893
2166,Numazu,17.484728,0.8064002990722656
2167,Nuremberg,8.619727,-0.07080618390497229
2168,Nyíregyháza,10.375455,0.1687269048870732
2169,Nzérékoré,25.937819,1.0123637959926945
2170,Oakland,15.561909,0.5482149124145508
2171,Oaxaca,20.00791,0.30996795182817394
2172,Oberhausen,9.496091,-0.10557240720065053
2173,Obihiro,7.548,0.22802218318690937
2174,Obninsk,4.430182,-0.8354430729488156
2175,Obosi,27.44309,0.835776485808907
2176,Obregon,25.427273,0.2987581166354083
2177,Obuasi,27.010818,1.118936385084318
2178,Oceanside,16.490454,0.08950042724609375
2179,Ocumare Del Tuy,26.198454,1.1330413818359375
2180,Odawara,14.45009,0.8499526977539062
2181,Odense,8.07,-0.6157202558697392
2182,Odesa,10.420273,-0.9851998239193325
2183,Odintsovo,4.430182,-0.8354430729488156
2184,Offa,27.675909,1.016211371586241
2185,Offenbach,8.826091,-0.18566650894452863
2186,Ogaki,16.544,0.7904108600503594
2187,Ogbomosho,27.675909,1.016211371586241
2188,Okara,26.081182,0.8468742370605469
2189,Okazaki,16.544,0.7904108656934028
2190,Oklahoma City,16.966726,0.5165947966314661
2191,Okrika,27.134274,0.7014637907890418
2192,Oktyabrskiy,3.894091,-0.3294400377127964
2193,Olathe,14.815909,1.5753985530111052
2194,Oldenburg,9.560091,-0.19488776045025524
2195,Oldham,9.105818,-0.03917302365572972
2196,Olinda,25.971819,0.5477644402211119
2197,Olomouc,9.046545,-0.02399175481976279
2198,Olongapo,27.611454,1.0038986206054688
2199,Olsztyn,7.405273,-0.5481011507646096
2200,Omaha,13.348727,1.8284720245672723
2201,Ome,14.45009,0.8499526977539062
2202,Omsk,2.2341816,0.3372393470276054
2203,Omuta,16.373545,0.5216197967529297
2204,Ondo,27.280546,0.9657905447072004
2205,Ongole,29.331455,0.716903604779926
2206,Onitsha,27.44309,0.835776485808907
2207,Ontario,18.013,0.08055877685546875
2208,Opobo,27.134274,0.7014637907890418
2209,Opole,8.682909,-0.18577105504161828
2210,Orël,4.9716363,-1.2907308911377529
2211,Oradea,10.375455,0.1687269048870732
2212,Orai,27.432909,1.2430367095797656
2213,Orange,16.490454,0.08950042724609375
2214,Ordu,12.228,-0.42433689802120966
2215,Orekhovo Zuevo,4.738727,-0.7379581937250101
2216,Orizaba,23.582182,0.04768943786621094
2217,Orkney,17.27309,0.8787002563476562
2218,Orléans,11.805819,0.25700838340903154
2219,Orlando,23.123182,0.2540696945480505
2220,Oron,27.412,0.794678361448522
2221,Orsha,5.313727,-0.9225094277903718
2222,Orsk,4.644727,-0.22888942372124177
2223,Orumiyeh,10.504818,0.48956021564762686
2224,Oruro,9.462455,1.275059700012207
2225,Osasco,20.020363,0.5861892700195312
2226,Oshawa,8.849273,1.5787793047023273
2227,Oshogbo,27.280546,0.9657905447072004
2228,Oslo,2.7767272,-0.5228905007524309
2229,Osmaniye,14.590273,-0.18471050262451172
2230,Osnabrück,9.560091,-0.19488776045025524
2231,Osorno,8.709637,0.8620948791503906
2232,Ostrava,8.682909,-0.18577105504161828
2233,Ota,14.45009,0.8499526977539062
2234,Otaru,8.315273,0.23697948455810547
2235,Ottawa,6.7348185,1.3235150553145498
2236,Otukpo,28.074455,0.8557272741239359
2237,Ouagadougou,29.367182,1.0019619726365612
2238,Oulu,1.8187273,-0.7231078865032923
2239,Overland Park,14.83991,1.682055748048633
2240,Oviedo,12.897454,1.0697821131292375
2241,Owerri,27.44309,0.835776485808907
2242,Owo,26.971273,0.9229582556362814
2243,Oxford,10.031818,-0.01561733821652922
2244,Oxnard,16.834183,0.3165264129638672
2245,Oyama,14.45009,0.8499526977539062
2246,Oyo,27.280546,0.9657905447072004
2247,Pátrai,15.422091,0.0024701898748222817
2248,Pécs,11.878909,0.15358411501038738
2249,Pétionville,27.244637,0.6387165803960286
2250,Pôrto Seguro,24.404728,1.0459308624267578
2251,Pôrto Velho,26.528637,0.8573535823222223
2252,Paarl,15.999545,0.6488037109375
2253,Pabna,27.055,0.8990025520324707
2254,Pacet,25.56409,0.7657557444967296
2255,Pachuca,16.10009,0.06128120422363281
2256,Padalarang,25.56409,0.7657557444967296
2257,Padang,25.276363,0.65545654296875
2258,Paderborn,9.560091,-0.19488776045025524
2259,Padova,12.731909,0.35353977995098695
2260,Pagadian,27.36309,0.9386844635009766
2261,Pak Kret,28.047909,0.6811342390756749
2262,Pakokku,25.969364,0.7251705583536392
2263,Pakpattan,26.888363,1.022634506225586
2264,Palakkad,27.876364,1.0490775658534126
2265,Palanpur,26.563637,1.4677422272032175
2266,Palembang,27.497454,0.7497750907946532
2267,Palermo,16.75909,0.6678351852129083
2268,Palhoça,20.497364,0.40311622619628906
2269,Pali,28.531546,1.3556194305419922
2270,Pallavaram,29.596455,0.8004434403919021
2271,Palma,18.656546,0.9252867644687868
2272,Palma Soriano,26.983545,0.6754493713378906
2273,Palmas,27.011545,0.9916954040527344
2274,Palmdale,16.834183,0.3165264129638672
2275,Palmira,22.869728,1.0683953963130364
2276,Palo Negro,27.151,1.3065147399902344
2277,Palu,27.019272,1.0191274388631193
2278,Palwal,27.544273,1.3789291381835938
2279,Pamanukan,27.134817,0.7905020987152298
2280,Pamplona,13.356182,0.9882863188689601
2281,Pamulang,27.299091,0.7556446707172775
2282,Panamá,27.670818,0.9230709075927734
2283,Panchiao,23.305363,0.5755100250244141
2284,Panevezys,5.8737273,-0.6753956956683469
2285,Pangkah,26.858454,0.8122790755739651
2286,Panihati,27.569727,0.8359830154562893
2287,Panipat,25.432001,1.3224105834960938
2288,Panvel,27.944092,1.086337725321453
2289,Panzhihua,15.973909,0.558724745072146
2290,Paradise,18.606182,0.12711668014526367
2291,Parakou,27.464636,1.0358450734937499
2292,Paramaribo,27.547817,1.0342370285384952
2293,Parana,18.360546,0.26419830322265625
2294,Paranaguá,20.923637,0.3962116241455078
2295,Parbhani,27.834637,0.7805854615711034
2296,Paris,11.149818,0.036678621903904585
2297,Parma,13.333636,0.5145686689412816
2298,Parnaíba,28.198545,0.7180309295654297
2299,Parnamirim,26.232908,0.5246774418147524
2300,Parsabad,13.614454,0.12349834442138707
2301,Parung,27.299091,0.7556446707172775
2302,Pasadena,18.464436,-0.2765979766845703
2303,Pasarkemis,27.299091,0.7556446707172775
2304,Paseh,25.56409,0.7657557444967296
2305,Pasir Gudang,27.332636,0.7408733367919922
2306,Passo Fundo,17.896,0.22836685180664062
2307,Pasto,18.130272,1.0498838302416686
2308,Pasuruan,27.694908,0.8578928078815444
2309,Patan,28.755817,1.5787086486816406
2310,Pate,22.21,0.45516204833984375
2311,Paterson,11.541272,0.8534103382676275
2312,Pathankot,16.427181,0.650710629054478
2313,Pathein,27.701818,0.6966223986643669
2314,Pati,27.063364,0.8592734853173525
2315,Patiala,26.804728,1.2208658565174453
2316,Patna,26.773363,0.7552337646484375
2317,Patos De Minas,22.462181,0.8638496398925781
2318,Paulista,25.971819,0.5477644402211119
2319,Pavlodar,4.0985456,0.06286028226216622
2320,Pavlohrad,7.067636,-1.5307476997375495
2321,Payakumbuh,25.276363,0.65545654296875
2322,Pekalongan,26.858454,0.8122790755739651
2323,Peking,13.8143635,0.47180108229319195
2324,Pelotas,18.185818,0.35752296447753906
2325,Pemalang,26.858454,0.8122790755739651
2326,Pemba,25.972364,0.7153978419483167
2327,Pembroke Pines,23.900091,0.3309692859649651
2328,Penza,4.4481816,-0.7093636314823941
2329,Peoria,16.768957,2.5630553065605888
2330,Perbaungan,27.428183,0.8174228668212891
2331,Pereira,19.947908,0.9870775211492244
2332,Peristérion,17.84191,-0.2584552764892578
2333,Perm,2.930818,0.44739338766939296
2334,Perpignan,12.615636,0.713683200332353
2335,Perth,18.478182,0.5154666900634766
2336,Perugia,13.28591,0.48699103661303234
2337,Pervouralsk,3.1874545,0.5299468977506772
2338,Pescara,16.48509,0.3521933213719777
2339,Peshawar,20.150637,0.7797336578369141
2340,Petaling Jaya,27.364727,0.7582073211669922
2341,Petapa,20.10309,0.7103044615851495
2342,Petare,26.198454,1.1330413818359375
2343,Peterborough,10.031818,-0.01561733821652922
2344,Petrópolis,24.336363,0.7138214111328125
2345,Petrolina,27.218636,1.0468521118164062
2346,Petropavl,2.9453638,0.3541441696200205
2347,Petropavlovsk Kamchatskiy,0.8144544,0.1766287106679889
2348,Petrozavodsk,2.1139092,-0.6143325811568294
2349,Pforzheim,9.550818,-0.0038955184648621355
2350,Phagwara,25.506,0.8906767817905958
2351,Phalaborwa,21.352636,1.0326309204101562
2352,Phan Thiet,28.178637,0.8292096088387382
2353,Philadelphia,13.647727,0.7434512490102101
2354,Phitsanulok,27.509544,0.6303143576970172
2355,Phnum Pénh,27.808727,0.7307733524741451
2356,Phoenix,22.168272,0.158233642578125
2357,Phra Pradaeng,28.047909,0.6811342390756749
2358,Piatra Neamt,9.360364,-0.24583666099692358
2359,Piedras Negras,21.470636,-0.8894714981159844
2360,Pietermaritzburg,13.082273,0.6880207061767578
2361,Pietersburg,20.622726,1.0776481628417969
2362,Pilibhit,27.044546,1.2998161315917969
2363,Pimpri,25.95991,0.9303681328183124
2364,Pinar Del Río,25.932545,0.4747772216796875
2365,Pindamonhangaba,20.020363,0.5861892700195312
2366,Pindiga,28.055635,0.8892450924577382
2367,Pingchen,22.21,0.45516204833984375
2368,Pingdingshan,15.350091,0.33214378356933594
2369,Pingliang,10.691181,1.0495279377730427
2370,Pingshan,23.031908,0.8122787475585938
2371,Pingtung,24.076637,0.5213832855224609
2372,Pingxiang,18.32,0.20710182189941406
2373,Pinsk,7.106091,-0.5865076042571156
2374,Piracicaba,20.531637,0.44718360900878906
2375,Pitesti,12.162636,0.20889009439720319
2376,Pittsburgh,12.141818,1.3727860215045649
2377,Piura,24.175547,1.3573970794677734
2378,Plây Cu,25.286455,0.8219072529346256
2379,Plano,19.33909,0.2226409912109375
2380,Pleven,12.162636,0.20889009439720319
2381,Plock,8.888,-0.21246996285780462
2382,Ploiesti,8.903545,0.12134584660799952
2383,Plovdiv,9.633364,0.24445927457989391
2384,Plumbon,25.56409,0.7657557444967296
2385,Plymouth,10.945727,0.04607705710069254
2386,Plzen,8.950091,-0.21315376353713766
2387,Poá,20.020363,0.5861892700195312
2388,Poços De Caldas,21.387547,0.7145977020263672
2389,Podgorica,11.585818,0.3892632628386874
2390,Podolsk,4.430182,-0.8354430729488156
2391,Pokhara,16.130636,0.6415777206420898
2392,Poltava,7.356364,-1.488724891644603
2393,Pomona,16.834183,0.3165264129638672
2394,Ponce,26.319727,0.8482341766357422
2395,Pondicherry,29.270546,0.8070219584873755
2396,Ponnani,27.876364,1.0490775658534126
2397,Ponta Grossa,17.34891,0.2799091339111328
2398,Pontianak,27.181454,0.7575581787498145
2399,Poole,10.682091,0.021413788705501702
2400,Porbandar,27.978182,1.3465347290039062
2401,Port Au Prince,27.244637,0.6387165803960286
2402,Port Blair,28.488728,1.064049891705782
2403,Port Elizabeth,17.285273,0.7708778381347656
2404,Port Gentil,26.270363,0.5468407722368624
2405,Port Harcourt,27.134274,0.7014637907890418
2406,Port Louis,24.115726,0.8253364562988281
2407,Port Moresby,25.373272,0.5845222473144531
2408,Port Said,21.32718,-0.10016743641979176
2409,Port Saint Lucie,23.900091,0.3309692939122506
2410,Portland,11.293546,0.9581670761108398
2411,Portmore,27.573181,0.8349892230744054
2412,Porto,15.279909,1.0311383841172699
2413,Porto Alegre,17.986454,0.2819194793701172
2414,Portoviejo,25.219181,1.0582388835166832
2415,Portsmouth,10.682091,0.021413788705501702
2416,Posadas,19.955727,0.1601238250732422
2417,Potchefstroom,17.27309,0.8787002563476562
2418,Potgietersrus,20.622726,1.0776481628417969
2419,Potosí,10.038909,1.0823049545288086
2420,Potsdam,9.471818,-0.3341484807572268
2421,Pouso Alegre,21.387547,0.7145977020263672
2422,Poznan,9.297455,-0.2011843645347735
2423,Prabumulih,25.864546,0.7247038069804006
2424,Prague,8.950091,-0.21315376713590872
2425,Praia Grande,20.020363,0.5861892700195312
2426,Prato,13.333636,0.5145686581449684
2427,Presidente Prudente,23.422546,0.23995208740234375
2428,Preston,9.105818,-0.03917302365572972
2429,Pretoria,18.826637,0.8733692169189453
2430,Pringsewu,26.635454,0.7267678740677574
2431,Pristina,11.099363,0.457100531740009
2432,Prizren,11.099363,0.457100531740009
2433,Probolinggo,27.694908,0.8578928078815444
2434,Proddatur,29.093454,0.7639483588082463
2435,Prokopyevsk,2.4781818,-0.09588693576464369
2436,Providence,9.258454,0.692040096897589
2437,Provo,10.7289095,0.5180301666259766
2438,Pskov,5.0454545,-0.7590813951672244
2439,Pucallpa,26.753181,0.7326087951660156
2440,Pudukkottai,29.216272,0.9399184544881187
2441,Puebla,19.464817,0.17360687255859375
2442,Pueblo,11.964,0.10117244720458984
2443,Puerto Cabello,27.151,1.3065147399902344
2444,Puerto Montt,8.709637,0.8620948791503906
2445,Puerto Plata,26.92791,0.7551032999620091
2446,Puerto Princesa,28.156181,0.973468898986436
2447,Puerto Vallarta,26.197908,0.22553253173828125
2448,Pulandian,11.115818,0.07093334197998047
2449,Pune,25.95991,0.9303681328183124
2450,Puno,5.775091,1.0858842354071765
2451,Punta Arenas,6.241091,0.8587217330932617
2452,Punto Fijo,29.343363,0.9309139251708984
2453,Puqi,18.169273,0.1501617431640625
2454,Puri,27.738728,0.6817531855601189
2455,Purnia,22.815182,0.5596733093261719
2456,Puruliya,26.83509,0.8368878454532265
2457,Purwakarta,25.56409,0.7657557444967296
2458,Purwodadi,27.063364,0.8592734853173525
2459,Purwokerto,26.858454,0.8122790755739651
2460,Purworejo,27.694908,0.8578928078815444
2461,Puyang,15.382999,0.47229576110839844
2462,Pyatigorsk,8.078909,-0.4910612106323242
2463,Pyay,26.97909,0.7615151315365196
2464,Qabis,21.23409,0.8648948669433594
2465,Qalyub,21.943455,-0.06439362320245579
2466,Qandahar,20.848183,0.8550821978174987
2467,Qarchak,14.865545,0.4758491818867032
2468,Qazvin,13.8733635,0.7053499221801758
2469,Qena,24.237818,0.17430297894911462
2470,Qianguo,5.758182,0.016859974885851337
2471,Qianjiang,17.959454,0.087646484375
2472,Qingdao,13.478363,0.13558578491210938
2473,Qingyuan,23.186546,0.7864761352539062
2474,Qinhuangdao,12.620636,0.3225768456856404
2475,Qinzhou,23.984182,0.9842071533203125
2476,Qiqihar,4.6926365,-0.25658094821198585
2477,Qitaihe,4.8628182,0.05476808547973633
2478,Qom,16.942,0.734170681721455
2479,Qostanay,3.5597274,0.12813615798950195
2480,Quanzhou,20.558363,0.3793182373046875
2481,Quchan,16.550636,0.46541786193847656
2482,Quebec,3.989,1.301208453695729
2483,Queenstown,15.360727,0.9109678268432617
2484,Queimados,24.336363,0.7138214111328125
2485,Quelimane,25.83091,0.9090404510498047
2486,Queluz,17.146454,1.0127449035644531
2487,Querétaro,17.575909,0.005512237548828125
2488,Quetta,21.395908,0.6485816931268964
2489,Quetzaltenango,20.10309,0.7103044615851495
2490,Quevedo,22.52291,1.0496189965142158
2491,Qui Nhon,27.943636,0.8499010119134986
2492,Quilpue,14.259545,0.9776439666748047
2493,Quito,17.920454,1.021423367287614
2494,Qujing,17.628819,0.9561367034912109
2495,Qunduz,12.693455,0.6762237548828125
2496,Rabak,29.809637,0.7587520247655561
2497,Rabat,18.820272,0.8773689270019531
2498,Rach Gia,28.362364,0.7749876342067843
2499,Radom,8.334455,-0.24149893544754875
2500,Rae Bareli,26.791908,1.0876579284667969
2501,Rafsanjan,16.861092,0.5349445175706293
2502,Raichur,27.840818,0.7041231700352277
2503,Raiganj,26.744637,0.7989826202392578
2504,Raigarh,27.59509,0.7694984254382895
2505,Raipur,27.205454,0.6101741154988609
2506,Rajamahendri,28.418182,0.6431214105515259
2507,Rajapalaiyam,27.315454,0.9855340352425195
2508,Rajkot,27.978182,1.3465347290039062
2509,Rajpur,27.569727,0.8359830154562893
2510,Rajshahi,26.744637,0.7989826202392578
2511,Raleigh,15.888909,0.4859587665746421
2512,Ramat Gan,19.301455,0.15664825439453267
2513,Ramnicu Valcea,8.6119995,0.4371067353014677
2514,Rampur,27.044546,1.2998161315917969
2515,Rancaekek,25.56409,0.7657557444967296
2516,Rancagua,6.766818,0.6759462356567383
2517,Ranchi,25.649637,0.7679404758271708
2518,Rancho Cucamonga,18.013,0.08055877685546875
2519,Randfontein,17.27309,0.8787002563476562
2520,Ranghulu,4.6926365,-0.25658094821198585
2521,Rangkasbitung,27.299091,0.7556446707172775
2522,Rangoon,27.701818,0.6966223986643669
2523,Rangpur,22.762636,0.6011447906494141
2524,Raniganj,26.83509,0.8368878454532265
2525,Rantauprapat,27.421818,0.7474365234375
2526,Rasht,13.232727,0.2963051915767796
2527,Ratisbon,8.619727,-0.07080617310865911
2528,Ratlam,27.621454,1.3921723849531524
2529,Raurkela,27.017181,0.7681823946395028
2530,Ravenna,13.333636,0.5145686689412816
2531,Rawalpindi,24.044273,0.6879757859490141
2532,Rawang,25.81,0.7340850830078125
2533,Rayong,27.794636,0.6829568179533432
2534,Reading,10.682091,0.021413788705501702
2535,Recife,25.805273,0.7376909548519563
2536,Recklinghausen,9.560091,-0.19488776045025524
2537,Reggio Di Calabria,18.04709,0.5626690414716613
2538,Regina,7.1365457,3.1611009031534194
2539,Reims,10.467273,0.05669296552550129
2540,Remscheid,9.496091,-0.10557240720065053
2541,Rengasdengklok,27.299091,0.7556446707172775
2542,Rennes,12.123728,0.19947669730996154
2543,Reno,12.989818,0.825707363944522
2544,Resende,20.107365,0.7670974731445312
2545,Resistencia,20.343454,0.1753692626953125
2546,Reutlingen,9.550818,-0.0038955184648621355
2547,Rewa,27.214909,0.8464698791503906
2548,Rewari,27.544273,1.3789291381835938
2549,Reykjavík,3.0388181,0.9900097846984863
2550,Reynosa,23.356817,-0.35376497298952003
2551,Rialto,18.013,0.08055877685546875
2552,Ribeirão Das Neves,21.875092,0.9639778137207031
2553,Ribeirão Pires,20.020363,0.5861892700195312
2554,Ribeirão Prêto,22.121454,0.5836772918701172
2555,Richards Bay,20.094454,0.7552375793457031
2556,Richardson,19.33909,0.2226409912109375
2557,Richmond,14.815174,0.4123738600727265
2558,Riga,5.647091,-0.6835720003775831
2559,Rijeka,10.724455,0.2706698741552973
2560,Rimini,14.974999,0.4000520418275073
2561,Rio Branco,25.938364,0.867455535464817
2562,Rio Claro,22.121454,0.5836772918701172
2563,Rio Cuarto,15.609909,0.29992103576660156
2564,Rio De Janeiro,24.336363,0.7138214111328125
2565,Rio Grande,18.185818,0.35752296447753906
2566,Riobamba,22.297272,0.9655704498291016
2567,Rishra,27.569727,0.8359830154562893
2568,Riverside,18.013,0.08055877685546875
2569,Rivne,7.499273,-0.5480720385065627
2570,Riyadh,27.471909,1.1113605270842584
2571,Rizhao,13.857454,0.2766914367675781
2572,Robertsonpet,27.28,0.8280779974801185
2573,Rochester,10.24,1.3409116677518167
2574,Rockford,11.533363,2.1137595151955235
2575,Rohtak,27.544273,1.3789291381835938
2576,Rome,13.28591,0.4869910402118034
2577,Rondonópolis,24.768272,0.6069908142089844
2578,Rongcheng,17.4962,0.9472160339355469
2579,Rosario,16.972818,0.39192771911621094
2580,Roseville,12.989818,0.825707363944522
2581,Rostock,8.707637,-0.40737339775517256
2582,Rostov Na Donu,8.685545,-1.516489271847707
2583,Rotherham,9.105818,-0.03917302365572972
2584,Rotterdam,9.7219095,-0.11959480969411018
2585,Rouen,10.926182,0.0910135179195759
2586,Roxas,28.639454,0.9260780117179763
2587,Rubtsovsk,3.506,0.09682504408100101
2588,Ruda Slaska,8.682909,-0.18577105504161828
2589,Ruian,18.303999,0.17313194274902344
2590,Ruiru,22.468546,1.1007957458496094
2591,Ruse,11.858182,-0.16946408973549865
2592,Rustenburg,17.27309,0.8787002563476562
2593,Ryazan,4.686,-0.9746353455309595
2594,Rybinsk,3.4706364,-0.4199348031349901
2595,Rybnik,8.682909,-0.18577105504161828
2596,Rzeszow,8.334455,-0.24149893364816322
2597,São Bernardo Do Campo,20.020363,0.5861892700195312
2598,São Caetano Do Sul,20.020363,0.5861892700195312
2599,São Carlos,22.121454,0.5836772918701172
2600,São Gonçalo,24.336363,0.7138214111328125
2601,São João De Meriti,24.336363,0.7138214111328125
2602,São José,20.497364,0.40311622619628906
2603,São José Do Rio Prêto,23.286728,0.5125465393066406
2604,São José Dos Campos,20.020363,0.5861892700195312
2605,São José Dos Pinhais,17.34891,0.2799091339111328
2606,São Leopoldo,17.986454,0.2819194793701172
2607,São Luís,27.296272,0.7926495366816901
2608,São Paulo,20.020363,0.5861892700195312
2609,São Vicente,20.020363,0.5861892700195312
2610,Saarbrücken,9.917909,-0.002775213853368541
2611,Sabadell,17.463,0.7564319466644847
2612,Sabará,21.875092,0.9639778137207031
2613,Sabha,24.600092,0.6696701049804688
2614,Sabratah,20.828728,0.7087516784667969
2615,Sabzevar,17.683,0.7275581359863281
2616,Sacramento,15.561909,0.5482149124145508
2617,Sadiqabad,28.079273,0.8859596252441406
2618,Safaqis,20.332363,0.7419815063476562
2619,Saga,16.373545,0.5216197967529297
2620,Sagamihara,14.45009,0.8499526977539062
2621,Sagar,26.434727,0.7331404277256546
2622,Saharanpur,25.432001,1.3224105834960938
2623,Saharsa,25.078728,0.6345653533935547
2624,Sahiwal,26.081182,0.8468742370605469
2625,Saint Étienne,10.148363,0.6004705015218477
2626,Saint Denis,23.85209,0.7513103485107422
2627,Saint Helens,9.647454,-0.07522376798233843
2628,Saint Louis,19.689043,3.611155587910698
2629,Saint Paul,9.664818,3.100632936549636
2630,Saint Petersburg,13.476261,-0.14559219654341327
2631,Saitama,14.45009,0.8499526977539062
2632,Sakai,16.544,0.7904108656934028
2633,Sakata,12.745545,0.5471706390380859
2634,Sakura,15.508454,0.7130308151245117
2635,Salalah,26.221546,0.2411975860595703
2636,Salamanca,15.128826,1.1982560247745155
2637,Salatiga,27.063364,0.8592734853173525
2638,Salavat,3.64,-0.12182824352513189
2639,Salem,11.442182,1.0417184829711914
2640,Salerno,15.352546,0.41462425016007387
2641,Salihorsk,7.106091,-0.5865076042571156
2642,Salinas,15.583091,0.5064945220947266
2643,Salt Lake City,12.2164545,0.8876502346348119
2644,Salta,13.469909,0.475738525390625
2645,Saltillo,16.759455,-0.6916129447318404
2646,Salto,18.362545,0.3572273254394531
2647,Salvador,25.582455,1.0411243438720703
2648,Salzburg,5.9938183,0.35514755811331433
2649,Salzgitter,8.904454,-0.3464216520201493
2650,Samara,4.3283634,-0.5759785891485762
2651,Samarinda,27.430273,0.88674755460897
2652,Samarkand,14.900818,0.39572811126708984
2653,Sambalpur,27.59509,0.7694984254382895
2654,Sambhal,27.044546,1.2998161315917969
2655,Samsun,12.443182,-0.4676074981689453
2656,Samut Prakan,28.047909,0.6811342390756749
2657,San Antonio,20.65,-0.2293931536106264
2658,San Bernardino,18.013,0.08055877685546875
2659,San Bernardo,5.791818,0.6964225769042969
2660,San Carlos De Bariloche,8.133819,0.8310904502868652
2661,San Cristóbal,24.340347,0.8092193603515625
2662,San Diego,16.490454,0.08950042724609375
2663,San Fernando,27.611454,1.0038986206054688
2664,San Francisco,15.561909,0.5482149124145508
2665,San Francisco De Macorís,26.92791,0.7551032999620091
2666,San José,26.104727,1.2019367218017578
2667,San Jose,15.561909,0.5482149124145508
2668,San Juan,22.079304,0.3465461730957031
2669,San Juan Del Río,17.575909,0.005512237548828125
2670,San Juan Sacatepéquez,20.10309,0.7103044615851495
2671,San Lorenzo,22.423637,0.019727706909179688
2672,San Luis,17.438272,0.3542613983154297
2673,San Luis Potosí,17.008636,-0.1125030517578125
2674,San Luis Río Colorado,23.376091,0.19133758544921875
2675,San Martin,16.941181,0.4535045623779297
2676,San Mateo,27.611454,1.0038986206054688
2677,San Miguelito,27.670818,0.9230709075927734
2678,San Nicolás De Los Garza,22.059818,-0.7640380859375
2679,San Nicolas,16.972818,0.39192771911621094
2680,San Pédro,26.482454,0.993930804501673
2681,San Pablo,27.541273,0.9742869856935101
2682,San Pablo De Las Salinas,16.10009,0.06128120422363281
2683,San Pedro,27.541273,0.9742869856935101
2684,San Pedro De Macorís,27.00309,0.8640060424804688
2685,San Pedro Sula,24.840092,0.6056576903148354
2686,San Rafael,14.453363,0.4296388626098633
2687,San Salvador,26.423182,0.9521389007568359
2688,Sanandaj,15.947727,0.9604940414428711
2689,Sanbu,23.961,0.8547916412353516
2690,Sanchung,22.21,0.45516204833984375
2691,Sancti Spíritus,26.00791,0.49790382385253906
2692,Sanda,16.313818,0.6314601898193359
2693,Sandakan,27.273363,0.7862079548385914
2694,Sanhsia,22.21,0.45516204833984375
2695,Sanmenxia,13.039727,0.48275347887459397
2696,Sanming,19.232546,0.4803943634033203
2697,Santa Ana,21.085869,0.18570709228515625
2698,Santa Catarina,22.059818,-0.7640380859375
2699,Santa Clara,20.369478,-0.2455463409423828
2700,Santa Clarita,16.834183,0.3165264129638672
2701,Santa Cruz,27.541273,0.9742869856935101
2702,Santa Cruz De Tenerife,21.594545,1.2551829826104246
2703,Santa Cruz Do Sul,17.986454,0.2819194793701172
2704,Santa Fe,18.360546,0.26419830322265625
2705,Santa Luzia,21.875092,0.9639778137207031
2706,Santa Maria,18.986727,0.22967529296875
2707,Santa Marta,27.661818,0.9287872314453125
2708,Santa Rita,25.971819,0.5477644402211119
2709,Santa Rosa,20.970348,0.8559036254882812
2710,Santa Teresa,26.198454,1.1330413818359375
2711,Santander,14.835182,0.8099713379482054
2712,Santarém,27.174454,1.079777871055164
2713,Santiago,20.125914,-0.22376431755841253
2714,Santiago De Cuba,26.756636,0.6856155395507812
2715,Santiago Del Estero,19.850273,0.4538745880126953
2716,Santo André,20.020363,0.5861892700195312
2717,Santo Domingo,24.67774,0.3534202575683594
2718,Santos,20.020363,0.5861892700195312
2719,Sapele,27.44309,0.835776485808907
2720,Sapucaia,17.986454,0.2819194793701172
2721,Saqqez,14.99791,0.9120194612435952
2722,Sarajevo,10.395182,0.3265260750392702
2723,Saransk,4.4481816,-0.7093636305827014
2724,Sarapul,3.2772727,0.27689632399453856
2725,Saratov,5.0357275,-0.893145517704605
2726,Sargodha,26.081182,0.8468742370605469
2727,Sarh,28.240181,0.7056907235759589
2728,Sari,16.772545,0.5477347348187429
2729,Sasaram,27.006454,0.7597370147705078
2730,Sasebo,17.790455,0.4556159973144531
2731,Saskatoon,6.068909,3.0257164648600985
2732,Sassari,16.909727,0.7809302779863465
2733,Satara,26.769728,0.9554667972383051
2734,Satkhira,27.569727,0.8359830154562893
2735,Satna,27.214909,0.8464698791503906
2736,Satu Mare,10.375455,0.16872690128830214
2737,Savannah,20.211182,0.09645750676724418
2738,Saveh,16.942,0.734170681721455
2739,Sawai Madhopur,27.858545,1.3198355589762762
2740,Sawangan,27.299091,0.7556446707172775
2741,Sayama,14.45009,0.8499526977539062
2742,Scottsdale,22.168272,0.158233642578125
2743,Seattle,9.374909,1.218252182006836
2744,Sekondi,27.010818,1.118936385084318
2745,Sekudai,27.332636,0.7408733367919922
2746,Selam,28.450636,0.8771520705450158
2747,Semarang,27.063364,0.8592734853173525
2748,Semey,4.6816363,0.13780790042383106
2749,Semnan,16.772545,0.5477347348187429
2750,Seoni,26.941,0.6884518941243485
2751,Seoul,12.345273,0.30823516845703125
2752,Sepatan,27.299091,0.7556446707172775
2753,Serang,27.299091,0.7556446707172775
2754,Serekunda,26.498,1.0508303429670391
2755,Seremban,27.364727,0.7582073211669922
2756,Sergiyev Posad,4.122091,-0.6812930305049107
2757,Serpukhov,4.430182,-0.8354430729488156
2758,Serra,23.398,1.048074722290039
2759,Setúbal,17.146454,1.0127449035644531
2760,Sete Lagoas,21.875092,0.9639778137207031
2761,Seto,13.823363,0.8685522079467773
2762,Severodvinsk,0.77690905,-0.6739639656776386
2763,Seversk,1.2165456,-0.13110786231253968
2764,Sevilla,18.602728,0.7578620910644531
2765,Shagamu,27.280546,0.9657905447072004
2766,Shah Alam,27.364727,0.7582073211669922
2767,Shahe,15.382999,0.47229576110839844
2768,Shahjahanpur,27.044546,1.2998161315917969
2769,Shahr E Kord,12.955,0.7179756164550781
2770,Shahreza,15.379364,0.7465577509211396
2771,Shahrud,17.311363,0.69775558554608
2772,Shakhty,8.685545,-1.516489271847707
2773,Shaki,27.675909,1.016211371586241
2774,Shanghai,17.209545,0.07167434692382812
2775,Shangqiu,16.159363,0.33065319061279297
2776,Shangrao,18.82791,0.3506145477294922
2777,Shantipur,27.569727,0.8359830154562893
2778,Shaoguan,20.333637,0.5808162689208984
2779,Shaowu,18.82791,0.3506145477294922
2780,Shaoxing,17.249727,0.14849281311035156
2781,Shaoyang,18.25909,0.40292930603027344
2782,Shaping,23.186546,0.7864761352539062
2783,Sharjah,27.697819,0.36805152893066406
2784,Shashi,17.959454,0.087646484375
2785,Sheffield,9.105818,-0.03917302365572972
2786,Shekhupura,26.081182,0.8468742370605469
2787,Shenyang,9.156091,0.20240306854248047
2788,Shenzhen,23.031908,0.8122787475585938
2789,Sherbrooke,6.9541817,1.0182309726499161
2790,Sherpur,25.971,0.8472843170166016
2791,Shihezi,5.1683636,0.2660920879383779
2792,Shikarpur,28.37791,0.7339515686035156
2793,Shiliguri,22.815182,0.5596733093261719
2794,Shillong,24.676636,0.7173004150390625
2795,Shilong,23.031908,0.8122787475585938
2796,Shimla,15.157,0.985361811758457
2797,Shimoga,26.328728,0.9128965105329243
2798,Shimonoseki,16.403091,0.49611568450927734
2799,Shinyanga,23.616636,0.7595527759496719
2800,Shiraz,21.237999,0.7616837930958162
2801,Shishou,17.959454,0.087646484375
2802,Shiyan,15.891727,0.19881534576416016
2803,Shizuishan,10.633818,1.225307029763652
2804,Sholapur,27.389362,0.749633779979888
2805,Shreveport,19.085363,0.4990285510108592
2806,Shrirampur,27.569727,0.8359830154562893
2807,Shuangcheng,5.758182,0.016859974885851337
2808,Shuangyashan,3.9893637,-0.09858226776123047
2809,Shulin,22.21,0.45516204833984375
2810,Shunyi,13.8143635,0.47180108229319195
2811,Shymkent,12.883364,0.5873680271945165
2812,Si Racha,27.972181,0.6591658819289421
2813,Sialkot,24.044273,0.6879757859490141
2814,Siauliai,6.597182,-0.6226486597421035
2815,Sibiu,8.6119995,0.4371067353014677
2816,Sibu,26.545727,0.6656704297879834
2817,Sidoarjo,27.694908,0.8578928078815444
2818,Siegen,8.826091,-0.18566650894452863
2819,Siirt,14.059727,0.3321918068862537
2820,Sikar,27.521273,1.325714111328125
2821,Sikasso,28.131182,0.9692535400390625
2822,Silchar,24.676636,0.7173004150390625
2823,Simi Valley,16.834183,0.3165264129638672
2824,Sincelejo,28.724817,0.9165019989013672
2825,Singapore,27.332636,0.7408733367919922
2826,Singaraja,26.859818,0.6904170528338973
2827,Singkawang,27.705091,0.7326384333079439
2828,Sinnar,29.217728,0.6436697371462543
2829,Sioux Falls,10.784272,2.8232838961542868
2830,Sirajganj,25.971,0.8472843170166016
2831,Sirjan,16.861092,0.5349445175706293
2832,Sirsa,26.804728,1.2208658565174453
2833,Sitapur,25.546,1.133206037011476
2834,Sivas,9.071363,-0.19377056825826067
2835,Siverek,17.039637,0.04281769072610331
2836,Siwan,26.372726,0.7577877044677734
2837,Skopje,11.099363,0.457100531740009
2838,Slough,10.031818,-0.01561733821652922
2839,Smolensk,4.9533634,-0.8260627476674207
2840,Soacha,21.006546,0.9934037676929712
2841,Sobral,27.799637,0.8084163665771484
2842,Soc Trang,27.818817,0.7834339252097067
2843,Sochi,10.067182,-0.6407439038157463
2844,Sofia,9.633364,0.24445927457989391
2845,Sogamoso,20.278727,0.9067134857177734
2846,Sohag,24.237818,0.17430297894911462
2847,Soka,14.45009,0.8499526977539062
2848,Sokodé,27.873182,1.016768081768138
2849,Sokoto,29.732908,0.9737924773117577
2850,Soledad,27.661818,0.9287872314453125
2851,Solikamsk,0.50836366,0.4752457284276153
2852,Solingen,9.496091,-0.10557240720065053
2853,Somerset West,15.999545,0.6488037109375
2854,Songea,21.664455,0.768122938342561
2855,Sonipat,27.544273,1.3789291381835938
2856,Soreang,25.56409,0.7657557444967296
2857,Sorocaba,20.531637,0.44718360900878906
2858,Sorong,27.460182,0.4454479217529297
2859,Sosnowiec,8.682909,-0.18577105504161828
2860,Soubré,26.482454,0.993930804501673
2861,South Bend,12.541636,1.5835306815381323
2862,Southampton,10.682091,0.021413788705501702
2863,Southend On Sea,10.031818,-0.01561733821652922
2864,Soweto,15.425091,0.7748527526855469
2865,Soyapango,25.77709,0.9288867584056106
2866,Spanish Town,26.927364,0.8236020067904875
2867,Split,13.929182,0.2685898402951796
2868,Spokane,10.004455,1.4496284127235413
2869,Spring Valley,18.606182,0.12711668014526367
2870,Springfield,12.188229,1.3248648018207199
2871,Springs,15.425091,0.7748527526855469
2872,Srikakulam,27.219181,0.6404810041751503
2873,Srinagar,11.304909,0.5505979673458583
2874,Stamford,11.541272,0.8534103382676275
2875,Stara Zagora,12.072545,-0.13035668247150944
2876,Staryy Oskol,5.9506364,-1.4471959848448916
2877,Stavanger,6.1124544,-0.20844451076579507
2878,Stavropol,8.078909,-0.4910612106323242
2879,Sterling Heights,11.463364,1.7070364196345498
2880,Sterlitamak,3.64,-0.12182824352513189
2881,Stockholm,6.21,-0.876791331453143
2882,Stockport,9.105818,-0.03917302365572972
2883,Stockton,15.561909,0.5482149124145508
2884,Stoke On Trent,9.553909,0.005610413821237614
2885,Strasbourg,9.917909,-0.002775213853368541
2886,Stuttgart,9.550818,-0.0038955184648621355
2887,Subang,25.56409,0.7657557444967296
2888,Suceava,9.360364,-0.24583666099692358
2889,Sucre,12.710455,1.2883729934692383
2890,Sudbury,7.8207273,1.9706482806295718
2891,Suez,21.406546,0.10603855865929646
2892,Suihua,3.3913636,-0.25296543299225327
2893,Suining,18.904272,0.4719447776919523
2894,Suita,16.544,0.7904108656934028
2895,Sujiatun,9.156091,0.20240306854248047
2896,Sukabumi,26.557545,0.7396850950399028
2897,Sukaraja,26.557545,0.7396850950399028
2898,Sukkur,28.37791,0.7339515686035156
2899,Suleja,27.152819,0.9551381735966125
2900,Sullana,24.175547,1.3573970794677734
2901,Sultanpur,26.957182,0.9314079284667969
2902,Sumaré,20.531637,0.44718360900878906
2903,Sumedang,25.56409,0.7657557444967296
2904,Sumy,6.3371816,-1.3473661085344713
2905,Sunderland,8.020818,-0.11847968911224882
2906,Sungai Petani,27.956455,0.6974029541015625
2907,Sunggal,27.428183,0.8174228668212891
2908,Sunnyvale,15.561909,0.5482149124145508
2909,Sunrise Manor,18.606182,0.12711668014526367
2910,Sur,19.301455,0.15664826369867058
2911,Surabaya,27.694908,0.8578928078815444
2912,Surakarta,27.063364,0.8592734853173525
2913,Surat,28.244,1.3348092578706279
2914,Surat Thani,27.635546,0.8221038267574201
2915,Surendranagar,28.755817,1.5787086486816406
2916,Surgut,-1.3861818,0.3924875259399414
2917,Suriapet,28.640545,0.6284819466727107
2918,Surt,20.902546,0.2973041534423828
2919,Susah,20.07809,0.8447914918263741
2920,Sutton Coldfield,9.553909,0.005610413821237614
2921,Suzano,20.020363,0.5861892700195312
2922,Suzhou,15.964087,0.29334449768066406
2923,Suzuka,16.544,0.7904108656934028
2924,Swansea,10.298091,0.028398650547243776
2925,Swindon,9.553909,0.005610413821237614
2926,Sydney,17.078728,0.3077831268310547
2927,Syktyvkar,1.2880908,-0.15765164600650095
2928,Syracuse,13.138305,0.7837724721521369
2929,Syzran,4.197727,-0.6464524179134727
2930,Székesfehérvár,10.890364,-0.0536545357614191
2931,Szczecin,8.436818,-0.35988222608026454
2932,Szeged,11.823545,0.12676785846926109
2933,Tétouan,18.552727,0.6566638946533203
2934,Türkmenabat,16.27891,0.26190948486328125
2935,Taboão Da Serra,20.020363,0.5861892700195312
2936,Tabora,23.580818,0.7537308150915791
2937,Tabriz,11.225454,0.5714056164610621
2938,Tabuk,22.658455,0.7579212188720703
2939,Tachikawa,14.45009,0.8499526977539062
2940,Tacloban,27.706272,0.8928424617912185
2941,Tacna,20.059454,1.0665836334228516
2942,Tacoma,9.374909,1.218252182006836
2943,Tadepallegudem,28.418182,0.6431214105515259
2944,Taganrog,8.685545,-1.516489271847707
2945,Tagum,26.771364,0.7888208177354592
2946,Taian,14.942272,0.4647817611694336
2947,Taicheng,23.961,0.8547916412353516
2948,Taichung,22.21,0.45516204833984375
2949,Tainan,24.076637,0.5213832855224609
2950,Taipei,23.305363,0.5755100250244141
2951,Taiping,27.60909,0.7340927124023438
2952,Taitung,22.586454,0.6702632904052734
2953,Taiyuan,10.273727,0.7679199110041015
2954,Taizhou,15.948818,0.07058238983154297
2955,Tajimi,13.823363,0.8685522079467773
2956,Takaoka,13.823363,0.8685522079467773
2957,Takarazuka,16.544,0.7904108656934028
2958,Takasaki,14.45009,0.8499526977539062
2959,Takatsuki,16.544,0.7904108656934028
2960,Takoradi,27.010818,1.118936385084318
2961,Talara,24.14809,1.2855339050292969
2962,Talca,11.794818,0.9307470321655273
2963,Talcahuano,13.305091,1.0217361450195312
2964,Tali,22.21,0.45516204833984375
2965,Talisay,28.149454,0.9095034056072002
2966,Talkha,21.32718,-0.10016743641979176
2967,Tallahassee,20.909182,0.2544776288028885
2968,Tallinn,5.221,-0.7733406967711902
2969,Tama,14.45009,0.8499526977539062
2970,Tamale,28.677,1.0276994769205174
2971,Taman,27.240479,0.8006301348722431
2972,Tambaram,29.596455,0.8004434403919021
2973,Tambov,5.0465455,-1.1615121715473675
2974,Tambun,27.299091,0.7556446707172775
2975,Tampa,22.652636,0.1748071721687161
2976,Tampere,3.8778183,-0.8053034233597094
2977,Tampico,24.364637,-0.11281585693359375
2978,Tandil,14.010181,0.4574012756347656
2979,Tando Adam,28.092728,0.8325968994491397
2980,Tanete,27.53109,0.9898567199707031
2981,Tanga,26.299818,0.7810518938795958
2982,Tangerang,27.299091,0.7556446707172775
2983,Tanggu,12.620636,0.3225768456856404
2984,Tangier,18.552727,0.6566638946533203
2985,Tangshan,13.632182,0.6273662257568997
2986,Tanjung Morawa,27.428183,0.8174228668212891
2987,Tanshui,22.21,0.45516204833984375
2988,Tanta,20.734272,-0.16642379760742188
2989,Tanza,27.611454,1.0038986206054688
2990,Taonan,6.361,-0.004446822744577084
2991,Taoyüan,22.21,0.45516204833984375
2992,Tapachula,25.434727,0.7484638021233394
2993,Taranto,16.579273,0.35033244007038533
2994,Taraz,7.5904546,0.5793931982019442
2995,Targu Mures,8.6119995,0.4371067353014677
2996,Tarhunah,20.902819,0.5560302734375
2997,Tarija,15.666,0.7581748962402344
2998,Tarlac,27.611454,1.0038986206054688
2999,Tarnow,8.334455,-0.24149893364816322
3000,Tarragona,17.463,0.7564319538620268
3001,Tarsus,11.957818,-0.2737542869698295
3002,Tartu,4.779091,-0.7571530123926555
3003,Tartus,19.549181,-0.04668027218257009
3004,Tashkent,11.915273,0.2880363464355469
3005,Tasikmalaya,25.56409,0.7657557444967296
3006,Taubaté,20.020363,0.5861892700195312
3007,Taunggyi,24.440636,0.5946926843552376
3008,Tauranga,13.68609,0.43032360076904297
3009,Tawau,26.903545,0.7645739770704694
3010,Taytay,27.611454,1.0038986206054688
3011,Tbilisi,9.535,-0.02743084707925547
3012,Teófilo Otoni,23.525455,1.0885868072509766
3013,Tebingtinggi,27.428183,0.8174228668212891
3014,Tegal,26.858454,0.8122790755739651
3015,Tegucigalpa,24.930635,0.902990372116502
3016,Tehuacán,19.464817,0.17360687255859375
3017,Tekirdag,13.737364,-0.4257640478745941
3018,Tel Aviv Yafo,20.04591,0.07567102768841849
3019,Teluknaga,27.299091,0.7556446707172775
3020,Tema,27.395,1.1477090464342368
3021,Tembisa,15.425091,0.7748527526855469
3022,Temirtau,3.7485454,-0.05009826024373387
3023,Tempe,22.168272,0.158233642578125
3024,Temuco,11.473182,0.9000701904296875
3025,Tenali,28.640545,0.6284819466727107
3026,Tengzhou,16.03191,0.3665590286254883
3027,Tepic,22.739454,0.06429175468488069
3028,Teresópolis,21.547817,0.8698081970214844
3029,Teresina,27.65909,1.0414958000183105
3030,Termiz,16.889181,0.4269866943359375
3031,Ternate,27.223999,0.7113533020019531
3032,Terni,13.28591,0.4869910402118034
3033,Terrassa,17.463,0.7564319538620268
3034,Teshie,27.395,1.1477090464342368
3035,Tete,25.184364,1.083566665649414
3036,Texcoco,16.10009,0.06128120422363281
3037,Thái Nguyên,23.245546,0.9769096374511719
3038,Thana,27.944092,1.086337725321453
3039,Thanesar,25.432001,1.3224105834960938
3040,Thanh Hóa,24.818,0.9307159798682783
3041,Thanjavur,29.216272,0.9399184544881187
3042,Thanyaburi,27.972181,0.6591658819289421
3043,Thaton,27.407454,0.6274424498935929
3044,The Hague,9.7219095,-0.119594798897797
3045,Thessaloníki,14.855909,0.18112126116482763
3046,Thiès,26.037727,1.1149511276536686
3047,Thiruvananthapuram,27.315454,0.9855340352425195
3048,Thornton,10.331909,0.4778704151664819
3049,Thousand Oaks,16.834183,0.3165264129638672
3050,Thrissur,27.876364,1.0490775658534126
3051,Tianjin,13.8143635,0.47180108229319195
3052,Tianmen,17.378908,0.13789939880371094
3053,Tieli,2.4631815,-0.13423317732588602
3054,Tieling,7.916909,0.29450019530064075
3055,Tighina,9.238728,-0.7508494548077849
3056,Tijuana,16.490454,0.08950042724609375
3057,Tilburg,9.7219095,-0.119594798897797
3058,Timisoara,11.037272,0.4031501554093264
3059,Timon,27.65909,1.0414958000183105
3060,Tirana,16.578545,0.3449524681523144
3061,Tiruchchirappalli,29.216272,0.9399184544881187
3062,Tirunelveli,27.315454,0.9855340352425195
3063,Tirupati,29.596455,0.8004434403919021
3064,Tiruppur,26.571363,1.0495428902762285
3065,Tiruvannamalai,28.450636,0.8771520705450158
3066,Tiruvottiyur,29.596455,0.8004434403919021
3067,Titagarh,27.569727,0.8359830154562893
3068,Tlalnepantla,16.10009,0.06128120422363281
3069,Tlaquepaque,21.267363,0.1507811406899613
3070,Toamasina,22.264454,0.6220192877238233
3071,Toda,14.45009,0.8499526977539062
3072,Tokat,12.443182,-0.4676074981689453
3073,Tokorozawa,14.45009,0.8499526977539062
3074,Tokuyama,16.567364,0.5571079254150391
3075,Tokyo,14.45009,0.8499526977539062
3076,Toledo,19.223999,4.15115864013991
3077,Toliary,24.557182,0.5987537660096827
3078,Toluca,21.562819,0.3135134236196464
3079,Tolyatti,4.3283634,-0.5759785692048167
3080,Tomakomai,8.315273,0.23697948455810547
3081,Toms River,13.647727,0.7434512490102101
3082,Tomsk,1.2165456,-0.13110786231253968
3083,Tonalá,21.267363,0.1507811406899613
3084,Tondabayashi,16.544,0.7904108656934028
3085,Tongchuan,13.369545,0.609344417765989
3086,Tongliao,7.9755454,0.20508459812618884
3087,Tongling,16.862545,0.06154823303222656
3088,Tongzhou,13.8143635,0.4718010773261394
3089,Tonk,27.652363,1.3555025793426658
3090,Topeka,14.815909,1.5753985530111052
3091,Toronto,8.689,1.666540306019333
3092,Torrance,16.834183,0.3165264129638672
3093,Torreón,20.044546,-0.7023391723632812
3094,Torrejón De Ardoz,13.230273,1.0305365346512705
3095,Torun,8.888,-0.21246996285780462
3096,Tottori,16.313818,0.6314601898193359
3097,Touliu,24.076637,0.5213832855224609
3098,Toulon,16.507818,0.6677487247395071
3099,Toulouse,11.872455,0.6638292474566772
3100,Toungoo,27.107908,0.6558340900349151
3101,Tours,11.805819,0.25700838340903154
3102,Townsville,24.39709,0.7493520883413467
3103,Toyohashi,17.484728,0.8064002990722656
3104,Toyokawa,17.484728,0.8064002990722656
3105,Toyonaka,16.544,0.7904108656934028
3106,Toyota,16.544,0.7904108600503594
3107,Trabzon,10.978182,-0.33064969933551325
3108,Trelew,13.220364,0.7117633819580078
3109,Trento,10.727727,0.40998991480413416
3110,Trier,9.917909,-0.002775213853368541
3111,Trieste,12.731909,0.35353977995098695
3112,Trincomalee,29.23,0.8367984862554643
3113,Tripoli,20.828728,0.7087516784667969
3114,Trois Rivières,6.9541817,1.0182309726499161
3115,Trondheim,5.446,0.2135868189469825
3116,Trujillo,19.46109,1.5707419586181643
3117,Tshikapa,25.383453,0.8624138244210862
3118,Tsuchiura,14.45009,0.8499526977539062
3119,Tsukuba,14.45009,0.8499526977539062
3120,Tubruq,20.21009,0.0038051605224609375
3121,Tucheng,22.21,0.45516204833984375
3122,Tucson,18.387363,-0.11114883422851562
3123,Tucuman,20.060364,0.4476757049560547
3124,Tuguegarao,27.299456,0.8385353088378906
3125,Tula,4.540727,-1.0491257519092203
3126,Tulancingo,16.10009,0.06128120422363281
3127,Tulsa,17.15791,0.8492283065933997
3128,Tuluá,22.869728,1.0683953963130364
3129,Tumbes,24.14809,1.2855339050292969
3130,Tumkur,25.725363,0.8689668927873875
3131,Tungi,27.055,0.8990025520324707
3132,Tunis,20.07809,0.8447914918263741
3133,Tunja,20.278727,0.9067134857177734
3134,Turgutlu,15.702364,-0.23722362518310547
3135,Turhal,12.443182,-0.4676074981689453
3136,Turin,8.185182,0.5184200628748483
3137,Turku,4.8722725,-0.9020366098802048
3138,Turmero,27.151,1.3065147399902344
3139,Tuxtla Gutiérrez,25.16,0.38828086853027344
3140,Tuzla,10.395182,0.32654755610340125
3141,Tver,4.122091,-0.6812930305049107
3142,Tychy,8.682909,-0.18577105504161828
3143,Tyumen,2.923091,0.5795645713806152
3144,Ube,16.403091,0.49611568450927734
3145,Uberaba,22.26491,0.6727066040039062
3146,Uberlândia,22.846909,0.706787109375
3147,Ubon Ratchathani,27.691454,0.6347749110630581
3148,Udgir,27.960728,0.681410535176596
3149,Udon Thani,26.726364,0.6309939995013849
3150,Udupi,26.328728,0.9128965105329243
3151,Ueda,14.45009,0.8499526977539062
3152,Ufa,3.5492728,0.20790407989845905
3153,Ugep,27.412,0.794678361448522
3154,Uitenhage,17.285273,0.7708778381347656
3155,Uji,16.544,0.7904108656934028
3156,Ujjain,26.725182,1.152071580432711
3157,Ukhta,-0.41654563,-0.2338176174572546
3158,Ulaanbaatar,-1.4156364,-0.11349402603553371
3159,Ulan Ude,-1.0455453,0.21738818155630568
3160,Ulhasnagar,27.944092,1.086337725321453
3161,Ulm,9.550818,-0.0038955184648621355
3162,Ulubaria,27.569727,0.8359830154562893
3163,Ulyanovsk,4.197727,-0.6464524179134727
3164,Umm Durman,30.412273,0.7451000342497949
3165,Umuahia,27.412,0.794678361448522
3166,Ungaran,27.063364,0.8592734853173525
3167,Unnao,26.791908,1.0876579284667969
3168,Uppsala,4.4584546,-0.7333972744221962
3169,Urayasu,14.45009,0.8499526977539062
3170,Urdaneta,27.611454,1.0038986206054688
3171,Urfa,17.039637,0.0428176998521721
3172,Uromi,26.971273,0.9229582556362814
3173,Uruapan,19.025183,0.04495347483774381
3174,Uruguaiana,19.482092,0.2359943389892578
3175,Usak,12.103363,-0.3079094995979137
3176,Ussuriysk,5.323,0.1826014518737793
3177,Ust Ilimsk,-2.8495452,-0.9562486479869547
3178,Utrecht,9.7219095,-0.119594798897797
3179,Uvira,21.705545,0.8894233703613281
3180,Uyo,27.412,0.794678361448522
3181,Uzhhorod,8.574909,-0.027913510124639274
3182,Várzea Grande,25.725182,0.6979331970214844
3183,Várzea Paulista,20.020363,0.5861892700195312
3184,Västerås,4.4584546,-0.7333972744221962
3185,Vadodara,28.244,1.3348092578706279
3186,Valdivia,11.473182,0.9000701904296875
3187,Valencia,22.659348,2.6921905877455217
3188,Valladolid,13.230273,1.0305365346512705
3189,Valledupar,27.608545,0.9670143127441406
3190,Vallejo,15.561909,0.5482149124145508
3191,Valparaiso,14.259545,0.9776439666748047
3192,Van,14.059727,0.3321918068862537
3193,Vanadzor,9.535,-0.02743084707925547
3194,Vancouver,9.99613,1.0930595397949219
3195,Vanderbijlpark,15.425091,0.7748527526855469
3196,Varamin,14.865545,0.4758491818867032
3197,Varanasi,27.006454,0.7597370147705078
3198,Varginha,21.387547,0.7145977020263672
3199,Varna,12.495182,-0.5015505556790334
3200,Vejalpur,27.621454,1.3921723849531524
3201,Velikie Luki,4.536909,-0.799313817833954
3202,Velikiy Novgorod,4.3775454,-0.7482014278195939
3203,Velluru,28.450636,0.8771520705450158
3204,Venice,12.731909,0.35353977995098695
3205,Veracruz,23.582182,0.04768943786621094
3206,Veraval,27.978182,1.3465347290039062
3207,Vereeniging,15.425091,0.7748527526855469
3208,Verona,10.727727,0.40998991480413416
3209,Verwoerdburg,15.425091,0.7748527526855469
3210,Viamão,17.986454,0.2819194793701172
3211,Vicenza,12.731909,0.35353977995098695
3212,Victoria,9.223272,1.255734920501709
3213,Vidisha,26.856272,0.9254881904238736
3214,Vienna,9.046545,-0.02399175481976279
3215,Vientiane,25.248272,0.6497412383871719
3216,Vigo,14.708181,1.1188345531247705
3217,Vihari,27.604546,0.9411163330078125
3218,Vijayawada,28.640545,0.6284819466727107
3219,Vila Velha,23.398,1.048074722290039
3220,Villa Canales,20.10309,0.7103044615851495
3221,Villa Nueva,20.10309,0.7103044615851495
3222,Villahermosa,26.392092,0.20316123962402344
3223,Villavicencio,25.258183,0.8679618835449219
3224,Villeurbanne,10.003364,0.5662673068496424
3225,Vilnius,5.8737273,-0.6753956956683469
3226,Vina Del Mar,14.259545,0.9776439666748047
3227,Vinh,25.58118,1.037595792497907
3228,Vinh Long,28.362364,0.7749876342067843
3229,Vinnitsa,7.5113635,-0.8024813512586206
3230,Vinnytsya,7.5113635,-0.8024813512586206
3231,Viransehir,16.771,0.25894676890350254
3232,Virar,26.627636,1.17118148803711
3233,Virginia,17.513908,0.8805122375488281
3234,Virginia Beach,16.673454,0.15120642266799322
3235,Visakhapatnam,26.212181,0.5677748543875545
3236,Visalia,17.109728,0.44840240478515625
3237,Vitória,23.398,1.048074722290039
3238,Vitória Da Conquista,22.405819,1.1102886199951172
3239,Vitória De Santo Antão,25.805273,0.7376909548519563
3240,Vitoria,13.356182,0.9882863188689601
3241,Vizianagaram,26.212181,0.5677748543875545
3242,Vladikavkaz,6.8070908,-0.20854259313539014
3243,Vladimir,4.738727,-0.7379581937250101
3244,Vladivostok,7.1718183,0.19264698028564453
3245,Volgodonsk,8.599818,-1.4799183926492372
3246,Volgograd,7.3706365,-1.458972474170615
3247,Vologda,3.4706364,-0.4199348031349901
3248,Volta Redonda,20.107365,0.7670974731445312
3249,Volzhskiy,7.3706365,-1.458972474170615
3250,Voronezh,5.0587273,-1.2910402252988993
3251,Vryheid,16.349728,0.6975831985473633
3252,Vung Tau,28.178637,0.8292096088387382
3253,Würzburg,9.550818,-0.0038955184648621355
3254,Waco,19.376364,-0.14641380310058594
3255,Wad Madani,29.217728,0.6436697371462543
3256,Wah,20.150637,0.7797336578369141
3257,Wahran,19.21809,1.11956787109375
3258,Waitakere,15.325545,0.3865365982055664
3259,Walbrzych,8.19,-0.08543311424975109
3260,Walsall,9.553909,0.005610413821237614
3261,Wanxian,15.682727,0.09288311004638672
3262,Warangal,28.496635,0.6486921128772565
3263,Wardha,28.363274,0.6511903853643517
3264,Warqla,25.294,1.2269954681396484
3265,Warren,11.463364,1.7070364196345498
3266,Warri,27.44309,0.835776485808907
3267,Warsaw,8.113273,-0.32775219071586115
3268,Waru,27.694908,0.8578928078815444
3269,Washington,13.987909,0.9559920024509214
3270,Waterbury,11.665,0.6733024800231693
3271,Waterloo,8.689,1.666540306019333
3272,Watford,10.031818,-0.01561733821652922
3273,Waw,27.854546,0.7647337383694115
3274,Wazirabad,24.044273,0.6879757859490141
3275,Weifang,13.857454,0.2766914367675781
3276,Weihai,12.488636,0.09752941131591797
3277,Weinan,13.369545,0.609344417765989
3278,Welkom,17.513908,0.8805122375488281
3279,Wellington,12.873818,0.5527381896972656
3280,Wencheng,12.488636,0.09752941131591797
3281,Wenzhou,18.303999,0.17313194274902344
3282,Weru,25.56409,0.7657557444967296
3283,West Bromwich,9.553909,0.005610413821237614
3284,West Covina,16.834183,0.3165264129638672
3285,West Jordan,12.2164545,0.8876502346348119
3286,West Valley City,12.2164545,0.8876502346348119
3287,Westminster,10.331909,0.4778704151664819
3288,Westonaria,17.27309,0.8787002563476562
3289,Wichita,15.448,0.8916521668434143
3290,Wichita Falls,17.687727,0.0410919189453125
3291,Wiesbaden,8.826091,-0.18566650894452863
3292,Windhoek,20.252546,0.9530487060546875
3293,Windsor,11.463364,1.7070364196345498
3294,Winnipeg,6.103909,3.123733001095908
3295,Winston Salem,15.888909,0.4859587665746421
3296,Witbank,15.425091,0.7748527526855469
3297,Witten,9.560091,-0.19488776045025524
3298,Wloclawek,8.888,-0.21246996285780462
3299,Wolfsburg,8.904454,-0.3464216520201493
3300,Wollongong,17.078728,0.3077831268310547
3301,Wolverhampton,9.553909,0.005610413821237614
3302,Worcester,10.812486,1.2496069571129365
3303,Wroclaw,8.19,-0.08543311065098003
3304,Wuda,10.633818,1.2253070248223334
3305,Wufeng,16.449455,0.6300504767829604
3306,Wuhan,18.169273,0.1501617431640625
3307,Wuhu,16.862545,0.06154823303222656
3308,Wulanhaote,4.2725453,0.03155138455524309
3309,Wuning,17.249727,0.14849281311035156
3310,Wuppertal,9.496091,-0.10557240720065053
3311,Wuwei,1.5066364,1.0042589549403493
3312,Wuxi,17.209545,0.07167434692382812
3313,Wuxue,17.448,0.1922740936279297
3314,Wuzhou,23.08209,0.7400531768798828
3315,Xai Xai,23.467636,0.9097251892089844
3316,Xalapa,20.560637,-0.015708133002011238
3317,Xiamen,20.558363,0.3793182373046875
3318,Xian,13.369545,0.609344417765989
3319,Xiangdong,18.32,0.20710182189941406
3320,Xiangfan,15.856273,0.07689762115478516
3321,Xiantao,17.959454,0.087646484375
3322,Xianyang,13.369545,0.609344417765989
3323,Xiaolan,23.186546,0.7864761352539062
3324,Xiazhen,16.03191,0.3665590286254883
3325,Xichang,12.391,0.6507482528686523
3326,Xico,16.10009,0.06128120422363281
3327,Xingtai,13.632182,0.6273662257568997
3328,Xingyi,17.628819,0.9561367034912109
3329,Xining,4.534,0.86194635388699
3330,Xinpu,15.248546,0.21820735931396484
3331,Xintai,14.942272,0.4647817611694336
3332,Xinxiang,12.056182,0.491556264041515
3333,Xinyang,16.027454,0.12407302856445312
3334,Xinzhou,10.273727,0.7679199110041015
3335,Xuanhua,7.9946365,0.8376941656201611
3336,Xuanzhou,16.862545,0.06154823303222656
3337,Xuchang,15.350091,0.33214378356933594
3338,Xuzhou,16.03191,0.3665590286254883
3339,Yüanlin,22.21,0.45516204833984375
3340,Yaan,15.727454,0.6415154295540901
3341,Yachiyo,14.45009,0.8499526977539062
3342,Yaizu,17.484728,0.8064002990722656
3343,Yakeshi,-0.3423636,-0.08380602254324782
3344,Yamoussoukro,26.62009,1.0308673687470282
3345,Yamunanagar,25.432001,1.3224105834960938
3346,Yanan,11.096272,0.8825950370263804
3347,Yancheng,15.948818,0.07058238983154297
3348,Yangjiang,24.007,0.8455753326416016
3349,Yangmei,22.21,0.45516204833984375
3350,Yangzhou,15.948818,0.07058238983154297
3351,Yanji,4.718364,0.28075456619262695
3352,Yantai,12.488636,0.09752941131591797
3353,Yao,16.544,0.7904108656934028
3354,Yaoundé,24.79391,0.6636897178545382
3355,Yaroslavl,3.8826363,-0.5558769810874509
3356,Yatsushiro,16.373545,0.5216197967529297
3357,Yavatmal,28.363274,0.6511903853643517
3358,Yazd,18.477818,0.6371839311387788
3359,Yekaterinburg,3.1874545,0.5299468994140626
3360,Yelahanka,25.725363,0.8689668927873875
3361,Yelets,5.0587273,-1.2910402252988993
3362,Yenangyaung,27.988182,0.7125976220616757
3363,Yerevan,9.535,-0.02743084707925547
3364,Yevpatoriya,10.141545,-1.2213175197817243
3365,Yibin,16.449455,0.6300504715716251
3366,Yichang,15.6277275,0.05129718780517578
3367,Yichun,8.921652,0.7174229337761435
3368,Yidu,13.857454,0.2766914367675781
3369,Yinchuan,10.981909,1.160471832196329
3370,Yingcheng,18.245174,0.4154701232910156
3371,Yingkou,9.156091,0.20240306854248047
3372,Yingzhong,17.378908,0.13789939880371094
3373,Yining,7.453818,0.7838647742020459
3374,Yiyang,17.886726,0.16039466857910156
3375,Yizheng,15.948818,0.07058238983154297
3376,Yogyakarta,27.063364,0.8592734853173525
3377,Yokkaichi,16.544,0.7904108600503594
3378,Yokosuka,18.050364,0.7156314849853516
3379,Yonago,15.196454,0.6065301895141602
3380,Yongan,19.232546,0.4803943634033203
3381,Yonkers,11.541272,0.8534103382676275
3382,York,9.105818,-0.03917302365572972
3383,Yuci,10.273727,0.7679199110041015
3384,Yueyang,17.959454,0.087646484375
3385,Yulin,24.10009,0.9134788513183594
3386,Yuncheng,13.039727,0.48275347887459397
3387,Yungho,23.305363,0.5755100250244141
3388,Yungkang,22.586454,0.6702632904052734
3389,Yushan,17.209545,0.07167434692382812
3390,Yushu,4.785091,0.1710977554321289
3391,Yuyao,17.404999,0.12189292907714844
3392,Zaanstad,9.7219095,-0.119594798897797
3393,Zabol,23.521364,0.6478596749390384
3394,Zabrze,8.682909,-0.18577105504161828
3395,Zacatecas,15.754,-0.3578052520751953
3396,Zagreb,10.724455,0.2706698741552973
3397,Zalantun,2.4094543,-0.18573390619124774
3398,Zama,14.45009,0.8499526977539062
3399,Zamboanga,27.982273,0.9798069000244141
3400,Zamora,19.025183,0.04495347483774381
3401,Zanjan,11.841182,0.9297768804762097
3402,Zanzibar,26.299818,0.7810518938795958
3403,Zaoyang,17.378908,0.13789939880371094
3404,Zaozhuang,16.03191,0.3665590286254883
3405,Zapopan,21.267363,0.1507811406899613
3406,Zaporizhzhya,8.535818,-1.464430655173535
3407,Zaragoza,16.148455,0.8811587819513278
3408,Zaria,27.041273,0.9880025797876826
3409,Zelenodolsk,4.442727,-0.39207860928661376
3410,Zelenograd,4.430182,-0.8354430729488156
3411,Zenica,10.395182,0.32654755610340125
3412,Zhangdian,14.942272,0.4647817611694336
3413,Zhangjiakou,7.9946365,0.8376941656201611
3414,Zhangzhou,21.139454,0.5404376983642578
3415,Zhanjiang,24.10009,0.9134788513183594
3416,Zhaocheng,13.448728,0.2557210922241211
3417,Zhaodong,5.758182,0.016859974885851337
3418,Zhaoqing,23.186546,0.7864761352539062
3419,Zhaotong,13.781,0.8071603775024414
3420,Zhaoyang,15.948818,0.07058238983154297
3421,Zhenjiang,15.948818,0.07058238983154297
3422,Zhezkazgan,6.8774543,0.09391097880121446
3423,Zhicheng,16.327091,0.03827857971191406
3424,Zhongshan,23.961,0.8547916412353516
3425,Zhoucheng,15.879545,0.7632852901111953
3426,Zhoucun,14.942272,0.4647817611694336
3427,Zhoukou,16.027454,0.12407302856445312
3428,Zhucheng,13.857454,0.2766914367675781
3429,Zhuhai,23.961,0.8547916412353516
3430,Zhuji,17.249727,0.14849281311035156
3431,Zhukovskiy,4.430182,-0.8354430729488156
3432,Zhumadian,16.027454,0.12407302856445312
3433,Zhuozhou,13.8143635,0.47180108229319195
3434,Zhuzhou,18.32,0.20710182189941406
3435,Zhytomyr,7.153,-0.8331164216095548
3436,Zielona Gora,9.297455,-0.2011843645347735
3437,Zigong,18.904272,0.4719447776919523
3438,Ziguinchor,27.154728,0.9542954560298078
3439,Zinder,29.461727,0.8565231323242202
3440,Zlatoust,3.127091,0.2970381465069085
3441,Zoetermeer,9.7219095,-0.119594798897797
3442,Zonguldak,11.622818,-0.28196587089363767
3443,Zouxian,14.942272,0.4647817611694336
3444,Zunyi,16.076908,0.5057926177978516
3445,Zurich,8.020546,0.3461666611005674
3446,Zuwarah,20.828728,0.7087516784667969
3447,Zwolle,9.7219095,-0.119594798897797
